0.00 146.09 123.35 91.55 174.79 66.06 10.45 142.05 100.39 131.10 90.93 53.48 165.50 137.35 30.55 70.47 92.38 63.12 46.00 84.09 90.12 109.59 97.56 77.76 43.15 79.50 173.77 102.15 122.05 91.36 130.15 65.25 146.00 18.95 84.87 40.95 40.12 15.85 148.72 51.57 52.00 187.74 86.78 61.99 78.65 122.22 43.72 91.81 74.80 128.58
146.09 0.00 32.41 69.60 129.50 159.49 146.54 221.19 194.23 220.11 56.41 187.39 182.94 150.68 172.67 96.14 60.13 142.67 177.01 78.96 210.99 44.02 141.42 70.80 151.18 199.71 127.97 220.37 135.28 54.97 195.33 88.91 238.31 163.24 141.47 183.28 142.33 155.59 14.80 188.45 167.85 154.92 160.97 109.26 102.91 32.46 125.90 61.35 103.09 56.60
123.35 32.41 0.00 65.75 105.75 128.69 122.08 188.80 162.46 187.88 43.51 169.63 152.54 119.56 152.03 65.71 31.65 111.78 159.56 73.26 180.92 14.01 109.02 45.59 122.32 169.84 104.21 189.85 103.59 39.38 162.92 76.03 206.06 139.03 109.33 162.78 113.72 130.72 44.54 169.88 138.70 130.26 128.99 79.06 71.17 1.46 111.70 54.42 71.68 28.51
91.55 69.60 65.75 0.00 164.30 130.50 95.96 205.61 169.50 199.67 24.89 122.60 193.48 159.24 112.29 77.80 55.20 116.43 112.16 9.59 173.93 59.22 132.80 47.90 113.76 162.40 162.83 185.15 141.13 30.19 184.39 26.31 217.26 110.44 126.38 122.19 105.10 105.05 65.64 124.56 129.83 186.52 141.36 85.71 90.94 64.30 59.85 11.79 88.43 89.64
174.79 129.50 105.75 164.30 0.00 133.91 167.42 146.14 144.70 154.16 139.41 228.27 74.36 60.41 204.55 107.09 109.79 122.56 220.47 168.98 179.70 106.44 90.79 121.49 145.53 172.55 1.54 182.67 62.60 134.11 119.82 162.51 168.94 181.17 102.53 214.00 141.55 172.15 144.26 226.11 154.77 25.65 117.36 112.99 96.50 106.84 188.19 152.60 100.45 77.39
66.06 159.49 128.69 130.50 133.91 0.00 55.61 78.26 39.11 69.90 117.02 111.12 104.46 82.40 86.63 63.35 99.55 16.93 107.02 126.78 53.03 115.64 43.55 92.12 22.91 42.78 133.34 61.22 72.19 114.36 64.10 108.24 87.01 60.24 31.39 92.96 28.25 53.88 167.77 107.19 21.97 139.48 22.15 50.38 58.48 128.18 104.58 124.89 57.25 118.90
10.45 146.54 122.08 95.96 167.42 55.61 0.00 131.76 90.19 121.01 92.66 61.34 155.64 128.06 37.15 65.28 90.62 53.15 54.77 89.15 81.72 108.14 88.02 76.72 32.71 70.78 166.45 93.64 113.19 92.50 119.70 69.88 136.16 16.96 75.18 46.71 30.06 9.25 150.19 58.80 42.01 179.49 76.42 55.46 72.06 121.03 52.63 94.98 68.35 125.00
142.05 221.19 188.80 205.61 146.14 78.26 131.76 0.00 41.89 15.70 188.77 178.44 79.49 86.77 156.12 130.70 165.22 89.63 177.05 203.00 70.83 178.08 79.79 162.28 100.21 74.02 146.41 63.96 93.27 185.17 27.53 185.18 23.11 131.52 81.15 159.32 106.49 127.75 232.17 173.60 90.43 137.34 64.27 120.43 120.18 188.74 182.58 198.51 121.18 169.96
100.39 194.23 162.46 169.50 144.70 39.11 90.19 41.89 0.00 31.15 155.16 137.22 94.49 85.39 114.48 99.16 135.28 53.65 135.43 165.89 38.43 150.23 59.27 129.55 59.44 36.56 144.53 38.37 83.30 152.19 38.93 147.34 47.90 89.65 53.99 118.14 66.56 85.90 203.62 132.51 48.58 143.26 33.86 87.11 91.33 162.13 141.67 163.58 91.20 148.40
131.10 220.11 187.88 199.67 154.16 69.90 121.01 15.70 31.15 0.00 184.26 164.94 91.39 93.89 143.21 127.01 162.52 83.26 164.06 196.40 55.53 176.42 79.90 158.16 90.59 59.55 154.30 48.29 97.65 181.00 34.56 178.06 18.22 119.33 78.68 145.83 97.65 116.27 230.37 159.99 79.11 147.51 59.82 115.77 117.67 187.70 172.76 193.27 118.16 170.99
90.93 56.41 43.51 24.89 139.41 117.02 92.66 188.77 155.16 184.26 0.00 131.05 170.68 136.37 116.47 58.33 30.68 101.51 120.68 30.55 164.58 34.96 112.87 26.69 103.52 153.01 137.94 175.12 118.42 5.31 165.98 33.43 202.23 108.85 108.04 127.01 94.53 101.89 57.79 132.05 120.24 161.71 124.78 68.52 70.40 42.06 70.24 13.26 68.50 65.23
53.48 187.39 169.63 122.60 228.27 111.12 61.34 178.44 137.22 164.94 131.05 0.00 214.88 188.83 24.78 123.32 140.52 112.99 10.45 113.28 113.11 156.61 148.52 125.15 90.07 105.97 227.25 124.36 174.41 133.10 172.61 98.91 176.37 51.05 135.44 19.12 90.26 58.69 186.84 5.41 91.31 240.83 133.21 115.44 132.07 168.35 62.74 127.35 128.20 179.02
165.50 182.94 152.54 193.48 74.36 104.46 155.64 79.49 94.49 91.39 170.68 214.88 0.00 34.31 190.14 117.77 140.80 102.50 209.83 194.66 132.92 146.65 68.52 145.59 124.82 129.80 75.12 131.54 52.35 165.76 58.36 181.51 102.44 163.84 80.71 197.16 125.59 156.42 196.61 211.22 125.91 59.60 82.41 114.97 104.04 153.08 194.55 183.25 107.31 126.39
137.35 150.68 119.56 159.24 60.41 82.40 128.06 86.77 85.39 93.89 136.37 188.83 34.31 0.00 164.10 84.18 106.53 76.06 182.82 160.57 121.97 112.92 40.40 111.35 99.60 116.12 60.48 123.71 18.17 131.46 59.82 147.88 109.19 138.37 53.57 172.10 98.58 130.20 163.95 185.65 104.36 58.46 62.25 82.61 70.47 120.01 162.94 148.95 73.92 94.56
30.55 172.67 152.03 112.29 204.55 86.63 37.15 156.12 114.48 143.21 116.47 24.78 190.14 164.10 0.00 101.01 121.68 88.22 20.96 103.63 93.89 138.51 123.77 106.65 65.33 85.47 203.57 105.66 149.83 117.72 148.83 86.73 155.75 26.40 110.68 10.76 65.54 33.92 173.81 21.70 67.41 216.51 108.66 92.19 108.85 150.83 54.65 114.98 105.06 158.77
70.47 96.14 65.71 77.80 107.09 63.35 65.28 130.70 99.16 127.01 58.33 123.32 117.77 84.18 101.01 0.00 36.28 46.58 114.76 77.61 115.21 52.38 55.03 31.67 57.33 104.12 105.92 124.31 66.13 54.51 107.66 63.75 145.15 81.44 49.74 111.28 49.19 72.33 104.66 121.87 73.31 123.59 67.21 13.37 13.73 65.11 82.03 69.07 10.68 61.09
92.38 60.13 31.65 55.20 109.79 99.55 90.62 165.22 135.28 162.52 30.68 140.52 140.80 106.53 121.68 36.28 0.00 82.84 130.72 59.22 150.85 17.64 86.69 15.45 91.31 139.59 108.36 160.28 88.82 25.47 140.83 54.25 180.72 107.58 84.16 132.42 82.57 99.17 68.39 140.35 107.88 131.45 102.76 49.20 45.04 30.72 86.11 43.86 44.36 40.26
63.12 142.67 111.78 116.43 122.56 16.93 53.15 89.63 53.65 83.26 101.51 112.99 102.50 76.06 88.22 46.58 82.84 0.00 107.46 113.44 69.78 98.78 35.66 76.05 23.69 59.24 121.85 78.15 63.00 98.58 71.32 95.56 101.00 62.32 22.50 96.04 23.09 54.31 151.16 109.67 32.94 130.68 26.32 33.84 41.65 111.27 96.78 110.07 40.33 102.27
46.00 177.01 159.56 112.16 220.47 107.02 54.77 177.05 135.43 164.06 120.68 10.45 209.83 182.82 20.96 114.76 130.72 107.46 0.00 102.86 113.91 146.63 142.69 115.31 85.20 105.93 219.42 125.49 167.89 122.80 169.65 88.47 176.34 46.88 129.75 20.31 84.45 53.48 176.40 13.09 88.25 233.74 128.92 107.49 124.05 158.26 52.31 116.90 120.13 169.51
84.09 78.96 73.26 9.59 168.98 126.78 89.15 203.00 165.89 196.40 30.55 113.28 194.66 160.57 103.63 77.61 59.22 113.44 102.86 0.00 168.42 65.52 132.18 49.68 108.96 156.95 167.53 179.83 142.41 35.60 182.65 19.42 213.77 103.04 124.93 113.37 100.53 98.12 75.22 115.35 124.66 190.56 138.92 84.20 91.12 71.81 50.58 18.95 88.29 95.76
90.12 210.99 180.92 173.93 179.70 53.03 81.72 70.83 38.43 55.53 164.58 113.11 132.92 121.97 93.89 115.21 150.85 69.78 113.91 168.42 0.00 167.55 90.16 141.64 61.06 11.58 179.38 12.07 117.23 162.71 76.53 149.03 63.88 74.01 80.91 94.39 70.05 74.28 218.31 107.90 44.38 180.34 62.85 101.90 111.43 180.32 133.85 170.43 110.02 171.92
109.59 44.02 14.01 59.22 106.44 115.64 108.14 178.08 150.23 176.42 34.96 156.61 146.65 112.92 138.51 52.38 17.64 98.78 146.63 65.52 167.55 0.00 98.53 31.88 108.56 156.39 104.93 176.69 96.08 30.04 152.76 65.38 194.64 125.10 97.75 149.27 99.90 116.75 54.09 156.70 125.02 129.87 117.07 65.65 58.96 13.10 99.93 47.45 59.08 30.42
97.56 141.42 109.02 132.80 90.79 43.55 88.02 79.79 59.27 79.90 112.87 148.52 68.52 40.40 123.77 55.03 86.69 35.66 142.69 132.18 90.16 98.53 0.00 86.23 59.23 82.17 90.30 94.80 28.65 108.68 54.27 116.84 97.87 97.97 13.19 131.70 58.29 89.85 152.58 145.28 65.15 96.07 27.33 48.62 42.48 108.98 126.39 124.04 44.50 91.09
77.76 70.80 45.59 47.90 121.49 92.12 76.72 162.28 129.55 158.16 26.69 125.15 145.59 111.35 106.65 31.67 15.45 76.05 115.31 49.68 141.64 31.88 86.23 0.00 81.00 130.19 120.11 151.66 93.24 22.90 139.30 41.04 176.22 93.65 81.40 117.40 72.04 85.53 76.77 125.06 97.79 141.89 98.48 42.47 43.81 44.47 71.00 38.07 41.81 55.39
43.15 151.18 122.32 113.76 145.53 22.91 32.71 100.21 59.44 90.59 103.52 90.07 124.82 99.60 65.33 57.33 91.31 23.69 85.20 108.96 61.06 108.56 59.23 81.00 0.00 49.50 144.76 71.75 86.67 101.69 87.02 89.83 106.82 39.08 46.05 72.67 9.01 31.72 157.77 86.52 16.81 154.31 43.97 44.15 57.64 121.58 82.39 109.62 55.02 117.64
79.50 199.71 169.84 162.40 172.55 42.78 70.78 74.02 36.56 59.55 153.01 105.97 129.80 116.12 85.47 104.12 139.59 59.24 105.93 156.95 11.58 156.39 82.17 130.19 49.50 0.00 172.15 22.98 109.95 151.17 75.49 137.57 70.45 64.12 72.05 86.98 58.50 63.67 206.89 100.90 32.80 174.58 55.19 90.78 100.83 169.22 123.17 158.86 99.26 161.51
173.77 127.97 104.21 162.83 1.54 133.34 166.45 146.41 144.53 154.30 137.94 227.25 75.12 60.48 203.57 105.92 108.36 121.85 219.42 167.53 179.38 104.93 90.30 120.11 144.76 172.15 0.00 182.45 62.21 132.64 120.01 161.14 169.18 180.27 101.95 213.06 140.71 171.24 142.73 225.12 154.13 27.14 116.97 111.93 95.42 105.30 186.94 151.12 99.37 75.86
102.15 220.37 189.85 185.15 182.67 61.22 93.64 63.96 38.37 48.29 175.12 124.36 131.54 123.71 105.66 124.31 160.28 78.15 125.49 179.83 12.07 176.69 94.80 151.66 71.75 22.98 182.45 0.00 120.70 173.08 73.76 160.47 54.07 86.07 86.79 105.80 80.67 86.30 228.12 119.09 55.34 181.63 67.62 111.12 119.59 189.32 145.86 181.35 118.46 179.56
122.05 135.28 103.59 141.13 62.60 72.19 113.19 93.27 83.30 97.65 118.42 174.41 52.35 18.17 149.83 66.13 88.82 63.00 167.89 142.41 117.23 96.08 28.65 93.24 86.67 109.95 62.21 120.70 0.00 113.56 65.75 129.77 114.40 124.65 41.26 158.32 84.48 116.13 148.12 171.50 93.69 67.73 54.77 65.22 52.45 103.93 145.66 130.92 55.98 80.09
91.36 54.97 39.38 30.19 134.11 114.36 92.50 185.17 152.19 181.00 5.31 133.10 165.76 131.46 117.72 54.51 25.47 98.58 122.80 35.60 162.71 30.04 108.68 22.90 101.69 151.17 132.64 173.08 113.56 0.00 162.06 36.77 199.03 108.93 104.25 128.34 92.69 101.67 57.71 133.90 118.47 156.40 121.36 65.24 66.21 37.94 73.11 18.56 64.48 60.17
130.15 195.33 162.92 184.39 119.82 64.10 119.70 27.53 38.93 34.56 165.98 172.61 58.36 59.82 148.83 107.66 140.83 71.32 169.65 182.65 76.53 152.76 54.27 139.30 87.02 75.49 120.01 73.76 65.75 162.06 0.00 165.72 49.40 122.87 58.08 153.76 91.53 117.44 206.75 168.20 81.42 113.04 45.02 98.68 96.11 162.95 167.65 176.47 97.59 143.11
65.25 88.91 76.03 26.31 162.51 108.24 69.88 185.18 147.34 178.06 33.43 98.91 181.51 147.88 86.73 63.75 54.25 95.56 88.47 19.42 149.03 65.38 116.84 41.04 89.83 137.57 161.14 160.47 129.77 36.77 165.72 0.00 195.24 84.14 108.60 96.87 81.52 78.91 87.96 100.37 105.36 182.56 121.43 68.27 77.48 74.61 37.01 28.51 74.22 93.92
146.00 238.31 206.06 217.26 168.94 87.01 136.16 23.11 47.90 18.22 202.23 176.37 102.44 109.19 155.75 145.15 180.72 101.00 176.34 213.77 63.88 194.64 97.87 176.22 106.82 70.45 169.18 54.07 114.40 199.03 49.40 195.24 0.00 133.01 96.89 157.41 114.28 130.76 248.58 171.25 94.16 160.45 77.99 133.78 135.88 205.90 188.41 211.07 136.35 188.91
18.95 163.24 139.03 110.44 181.17 60.24 16.96 131.52 89.65 119.33 108.85 51.05 163.84 138.37 26.40 81.44 107.58 62.32 46.88 103.04 74.01 125.10 97.97 93.65 39.08 64.12 180.27 86.07 124.65 108.93 122.87 84.14 133.01 0.00 84.82 33.73 40.19 9.20 166.55 47.44 41.62 191.86 82.25 70.83 87.19 137.98 61.12 110.38 83.64 141.66
84.87 141.47 109.33 126.38 102.53 31.39 75.18 81.15 53.99 78.68 108.04 135.44 80.71 53.57 110.68 49.74 84.16 22.50 129.75 124.93 80.91 97.75 13.19 81.40 46.05 72.05 101.95 86.79 41.26 104.25 58.08 108.60 96.89 84.82 0.00 118.54 45.29 76.76 151.72 132.16 52.50 108.93 20.14 40.75 39.14 109.11 115.39 118.40 40.03 94.42
40.95 183.28 162.78 122.19 214.00 92.96 46.71 159.32 118.14 145.83 127.01 19.12 197.16 172.10 10.76 111.28 132.42 96.04 20.31 113.37 94.39 149.27 131.70 117.40 72.67 86.98 213.06 105.80 158.32 128.34 153.76 96.87 157.41 33.73 118.54 0.00 73.83 42.22 184.23 14.44 72.65 225.36 115.11 102.09 118.73 161.58 63.68 125.23 114.98 169.40
40.12 142.33 113.72 105.10 141.55 28.25 30.06 106.49 66.56 97.65 94.53 90.26 125.59 98.58 65.54 49.19 82.57 23.09 84.45 100.53 70.05 99.90 58.29 72.04 9.01 58.50 140.71 80.67 84.48 92.69 91.53 81.52 114.28 40.19 45.29 73.83 0.00 31.68 148.81 87.13 25.81 151.68 47.16 36.27 50.75 112.95 76.40 100.76 47.82 109.94
15.85 155.59 130.72 105.05 172.15 53.88 9.25 127.75 85.90 116.27 101.89 58.69 156.42 130.20 33.92 72.33 99.17 54.31 53.48 98.12 74.28 116.75 89.85 85.53 31.72 63.67 171.24 86.30 116.13 101.67 117.44 78.91 130.76 9.20 76.76 42.22 31.68 0.00 159.38 55.46 37.32 183.15 75.56 61.64 77.99 129.70 59.57 104.21 74.44 132.71
148.72 14.80 44.54 65.64 144.26 167.77 150.19 232.17 203.62 230.37 57.79 186.84 196.61 163.95 173.81 104.66 68.39 151.16 176.40 75.22 218.31 54.09 152.58 76.77 157.77 206.89 142.73 228.12 148.12 57.71 206.75 87.96 248.58 166.55 151.72 184.23 148.81 159.38 0.00 188.32 174.56 169.66 170.82 117.39 112.72 44.25 124.44 59.50 112.48 70.57
51.57 188.45 169.88 124.56 226.11 107.19 58.80 173.60 132.51 159.99 132.05 5.41 211.22 185.65 21.70 121.87 140.35 109.67 13.09 115.35 107.90 156.70 145.28 125.06 86.52 100.90 225.12 119.09 171.50 133.90 168.20 100.37 171.25 47.44 132.16 14.44 87.13 55.46 188.32 0.00 87.05 238.21 129.32 113.52 130.19 168.62 64.78 128.87 126.35 178.43
52.00 167.85 138.70 129.83 154.77 21.97 42.01 90.43 48.58 79.11 120.24 91.31 125.91 104.36 67.41 73.31 107.88 32.94 88.25 124.66 44.38 125.02 65.15 97.79 16.81 32.80 154.13 55.34 93.69 118.47 81.42 105.36 94.16 41.62 52.50 72.65 25.81 37.32 174.56 87.05 0.00 161.21 43.54 59.97 72.16 137.99 94.33 126.08 69.94 132.79
187.74 154.92 130.26 186.52 25.65 139.48 179.49 137.34 143.26 147.51 161.71 240.83 59.60 58.46 216.51 123.59 131.45 130.68 233.74 190.56 180.34 129.87 96.07 141.89 154.31 174.58 27.14 181.63 67.73 156.40 113.04 182.56 160.45 191.86 108.93 225.36 151.68 183.15 169.66 238.21 161.21 0.00 120.35 127.31 111.57 131.28 205.60 174.96 115.55 101.76
86.78 160.97 128.99 141.36 117.36 22.15 76.42 64.27 33.86 59.82 124.78 133.21 82.41 62.25 108.66 67.21 102.76 26.32 128.92 138.92 62.85 117.07 27.33 98.48 43.97 55.19 116.97 67.62 54.77 121.36 45.02 121.43 77.99 82.25 20.14 115.11 47.16 75.56 170.82 129.32 43.54 120.35 0.00 56.29 58.13 128.72 122.77 134.28 58.41 114.56
61.99 109.26 79.06 85.71 112.99 50.38 55.46 120.43 87.11 115.77 68.52 115.44 114.97 82.61 92.19 13.37 49.20 33.84 107.49 84.20 101.90 65.65 48.62 42.47 44.15 90.78 111.93 111.12 65.22 65.24 98.68 68.27 133.78 70.83 40.75 102.09 36.27 61.64 117.39 113.52 59.97 127.31 56.29 0.00 16.66 78.44 80.44 78.11 12.89 73.68
78.65 102.91 71.17 90.94 96.50 58.48 72.06 120.18 91.33 117.67 70.40 132.07 104.04 70.47 108.85 13.73 45.04 41.65 124.05 91.12 111.43 58.96 42.48 43.81 57.64 100.83 95.42 119.59 52.45 66.21 96.11 77.48 135.88 87.19 39.14 118.73 50.75 77.99 112.72 130.19 72.16 111.57 58.13 16.66 0.00 70.82 94.60 81.76 3.99 60.81
122.22 32.46 1.46 64.30 106.84 128.18 121.03 188.74 162.13 187.70 42.06 168.35 153.08 120.01 150.83 65.11 30.72 111.27 158.26 71.81 180.32 13.10 108.98 44.47 121.58 169.22 105.30 189.32 103.93 37.94 162.95 74.61 205.90 137.98 109.11 161.58 112.95 129.70 44.25 168.62 137.99 131.28 128.72 78.44 70.82 0.00 110.32 52.96 71.25 29.52
43.72 125.90 111.70 59.85 188.19 104.58 52.63 182.58 141.67 172.76 70.24 62.74 194.55 162.94 54.65 82.03 86.11 96.78 52.31 50.58 133.85 99.93 126.39 71.00 82.39 123.17 186.94 145.86 145.66 73.11 167.65 37.01 188.41 61.12 115.39 63.68 76.40 59.57 124.44 64.78 94.33 205.60 122.77 80.44 94.60 110.32 0.00 65.02 90.70 126.34
91.81 61.35 54.42 11.79 152.60 124.89 94.98 198.51 163.58 193.27 13.26 127.35 183.25 148.95 114.98 69.07 43.86 110.07 116.90 18.95 170.43 47.45 124.04 38.07 109.62 158.86 151.12 181.35 130.92 18.56 176.47 28.51 211.07 110.38 118.40 125.23 100.76 104.21 59.50 128.87 126.08 174.96 134.28 78.11 81.76 52.96 65.02 0.00 79.53 77.87
74.80 103.09 71.68 88.43 100.45 57.25 68.35 121.18 91.20 118.16 68.50 128.20 107.31 73.92 105.06 10.68 44.36 40.33 120.13 88.29 110.02 59.08 44.50 41.81 55.02 99.26 99.37 118.46 55.98 64.48 97.59 74.22 136.35 83.64 40.03 114.98 47.82 74.44 112.48 126.35 69.94 115.55 58.41 12.89 3.99 71.25 90.70 79.53 0.00 62.85
128.58 56.60 28.51 89.64 77.39 118.90 125.00 169.96 148.40 170.99 65.23 179.02 126.39 94.56 158.77 61.09 40.26 102.27 169.51 95.76 171.92 30.42 91.09 55.39 117.64 161.51 75.86 179.56 80.09 60.17 143.11 93.92 188.91 141.66 94.42 169.40 109.94 132.71 70.57 178.43 132.79 101.76 114.56 73.68 60.81 29.52 126.34 77.87 62.85 0.00
