0 333 363 482 235 293 327 94 382 221 
333 415 376 394 109 450 339 215 390 317 
363 376 117 383 454 187 193 277 207 413 
482 394 383 480 155 44 465 34 16 106 
235 109 454 155 180 138 159 416 106 82 
293 450 187 44 138 36 456 472 480 252 
327 339 193 465 159 456 438 313 94 496 
94 215 277 34 416 472 313 403 228 169 
382 390 207 16 106 480 94 228 198 239 
221 317 413 106 82 252 496 169 239 385 
