0.00 257.17 165.68 266.17 252.14 165.71 125.09 172.37 296.39 199.64 262.74 45.02 209.00 132.89 292.32 205.58 191.20 328.43 74.26 139.47 306.71 275.49 108.78 265.05 101.11 265.95 146.30 154.64 212.58 244.63 36.79 250.43 177.86 211.15 60.06 162.22 143.36 239.07 228.09 189.19 127.37 290.28 222.95 213.69 218.53 170.77 208.33 150.63 276.01 185.91 222.82 57.53 265.39 277.65 141.40 139.14 97.21 137.59 119.56 232.53 149.77 203.60 192.57 101.63 126.70 143.40 184.04 29.67 285.53 254.58 171.53 290.87 146.92 220.61 228.69 226.37 74.72 219.20 206.85 192.83 56.51 237.84 212.79 212.80 39.31 156.99 229.52 56.23 94.67 158.96 269.47 267.03 33.11 65.63 16.86 70.91 91.21 63.56 160.33 210.29
257.17 0.00 330.16 114.85 230.03 268.01 221.74 146.86 171.20 99.17 67.07 272.19 55.55 253.29 72.20 214.64 350.65 175.30 188.09 319.18 182.88 106.75 309.47 145.21 250.33 74.98 206.81 136.64 44.66 182.12 276.83 38.31 85.93 279.24 316.55 292.93 233.73 412.92 180.91 70.40 312.83 79.30 97.65 161.51 193.98 251.05 54.17 341.29 116.87 241.14 190.22 272.70 163.43 88.96 254.32 309.87 279.59 195.53 152.06 404.02 204.62 298.30 148.37 358.46 204.00 380.15 145.91 232.08 44.73 161.12 182.10 141.55 131.62 152.71 235.15 336.10 328.32 162.70 313.27 388.85 247.15 128.14 146.15 330.45 238.43 301.12 320.26 312.55 175.50 333.79 60.57 10.18 229.74 193.05 269.83 323.04 334.53 258.42 99.90 348.07
165.68 330.16 0.00 387.00 407.67 331.15 108.44 310.63 430.60 236.00 299.81 120.84 274.70 298.12 389.53 151.20 350.17 456.86 172.09 298.78 442.49 391.60 60.00 396.52 86.50 371.36 303.97 193.52 290.86 210.45 195.54 304.83 280.28 376.12 155.73 327.47 306.29 388.64 196.20 282.23 39.20 391.46 249.62 355.95 178.27 334.86 300.25 304.59 395.80 348.18 372.32 108.16 243.63 386.32 76.90 27.05 70.43 135.01 250.11 383.68 306.83 369.28 331.56 168.91 126.19 110.72 192.84 186.46 337.80 234.36 156.94 416.43 273.21 359.60 387.29 391.06 142.93 202.10 372.23 337.76 221.95 367.13 209.34 377.26 139.43 30.78 395.11 154.31 169.61 12.55 368.07 340.00 156.60 177.99 175.24 137.93 222.03 106.23 237.48 372.30
266.17 114.85 387.00 0.00 127.92 203.76 283.70 98.23 56.93 191.39 181.15 297.17 142.47 202.96 64.22 304.18 289.55 71.23 218.41 273.25 69.15 15.01 350.41 32.30 300.71 41.32 153.69 208.49 119.43 285.26 271.00 150.93 107.96 197.54 324.40 232.78 179.03 349.29 280.09 111.01 360.16 54.65 200.15 76.72 289.34 183.58 98.43 295.68 9.93 166.56 97.77 302.75 272.53 33.49 318.56 362.41 323.71 263.42 147.14 340.40 150.00 222.13 82.87 363.45 267.33 407.14 232.98 236.64 155.94 268.30 263.51 30.93 120.04 65.04 142.10 257.95 340.66 260.98 238.25 338.32 232.39 34.29 243.58 256.30 264.20 362.05 238.00 320.96 217.46 387.14 57.68 114.19 249.80 216.47 272.98 337.08 318.96 293.40 156.00 278.58
252.14 230.03 407.67 127.92 0.00 115.30 322.65 109.18 98.64 275.79 289.77 294.50 235.38 134.57 192.10 370.31 189.39 132.49 239.75 193.10 99.31 142.36 357.28 97.05 324.78 166.27 105.84 271.61 215.11 369.66 239.06 259.64 177.73 85.67 298.20 142.56 114.25 241.74 359.88 191.58 372.94 182.57 292.45 71.55 363.71 97.27 191.11 212.46 132.87 76.02 43.22 304.62 366.38 161.35 354.99 380.75 337.61 311.81 164.25 233.38 102.43 113.17 93.32 328.76 310.42 392.28 305.41 225.18 274.43 359.52 325.65 121.60 150.29 78.08 28.45 142.60 317.13 341.56 128.37 244.82 199.91 102.88 325.13 145.31 268.92 389.81 120.18 295.92 250.58 403.84 182.35 232.61 251.79 231.39 250.86 315.95 267.07 302.21 222.73 170.40
165.71 268.01 331.15 203.76 115.30 0.00 268.87 121.63 200.35 271.90 310.58 210.73 248.10 33.19 259.66 335.68 86.02 236.63 185.63 77.90 205.36 218.33 274.35 182.82 258.24 229.29 61.78 247.97 235.45 353.49 141.41 284.79 188.24 46.32 198.19 29.44 36.99 147.14 339.87 205.61 293.06 252.37 294.03 127.11 337.79 20.47 215.80 98.04 212.35 40.89 112.45 223.06 360.95 232.04 295.33 304.39 261.62 267.83 135.76 138.17 63.55 40.62 125.90 222.44 261.93 293.37 284.83 146.14 310.93 351.77 292.36 212.62 142.64 138.76 86.85 74.12 217.34 324.35 50.32 135.69 109.24 169.72 310.92 64.84 194.57 319.99 67.97 196.78 204.28 324.66 241.91 274.50 178.30 173.74 158.55 217.65 156.03 226.27 214.22 80.07
125.09 221.74 108.44 283.70 322.65 268.87 0.00 217.58 330.97 129.20 194.97 98.73 166.26 236.46 281.80 82.03 312.33 354.56 84.87 261.55 343.28 286.96 98.14 296.60 38.19 264.92 226.66 85.14 182.65 130.33 161.88 197.36 175.81 309.16 156.88 274.22 236.93 363.39 113.56 175.80 94.90 284.15 145.31 262.73 99.90 266.66 193.16 274.78 292.01 275.00 283.27 89.09 158.19 280.21 34.86 89.01 69.28 28.04 158.63 356.54 228.59 309.40 237.67 191.57 17.75 176.82 89.81 128.56 231.13 147.53 59.45 313.92 177.18 264.39 306.58 338.51 156.75 111.22 316.47 317.89 168.80 267.22 112.45 325.99 85.82 80.07 336.67 153.30 72.19 112.30 260.70 231.61 96.97 95.73 141.31 150.06 212.24 72.24 130.38 328.11
172.37 146.86 310.63 98.23 109.18 121.63 217.58 0.00 124.28 169.56 194.87 207.99 134.70 111.29 142.81 261.21 205.99 156.12 138.69 180.96 135.05 110.30 266.37 92.73 224.95 112.39 61.99 162.43 118.16 261.77 173.61 166.97 73.67 134.23 228.70 147.85 89.24 268.01 251.36 90.00 279.17 136.98 188.29 45.46 254.67 104.20 96.36 203.58 108.11 95.10 67.00 215.55 260.96 118.78 251.18 284.41 242.67 204.34 60.53 259.06 59.17 151.68 21.02 266.64 204.06 315.44 196.51 142.74 190.50 253.38 216.61 119.51 41.40 49.43 101.19 189.48 245.77 233.29 166.47 249.00 134.45 66.57 217.21 183.59 177.27 289.56 174.59 225.46 145.59 308.59 122.95 153.02 161.21 132.92 177.30 242.72 220.75 209.15 114.40 201.53
296.39 171.20 430.60 56.93 98.64 200.35 330.97 124.28 0.00 246.90 237.84 332.13 198.55 208.75 112.02 357.79 282.28 36.31 259.05 276.26 12.68 64.90 389.41 34.38 344.15 96.45 164.14 260.30 175.53 341.40 294.68 207.74 157.90 181.37 351.53 229.65 184.79 337.94 335.66 164.00 401.12 101.93 256.64 84.22 344.21 180.04 153.56 297.66 54.45 159.73 88.24 339.33 329.34 84.37 365.67 405.06 364.49 312.76 182.58 329.35 160.11 208.37 103.83 388.01 315.40 439.64 287.04 266.83 210.92 324.96 315.95 31.31 157.68 75.96 121.71 240.35 369.09 316.54 224.22 335.50 254.53 63.77 299.16 241.80 300.85 407.37 218.33 348.46 261.66 429.60 112.08 169.81 285.13 254.98 300.44 366.33 335.77 332.05 207.34 266.21
199.64 99.17 236.00 191.39 275.79 271.90 129.20 169.56 246.90 0.00 67.17 200.23 49.59 247.11 168.08 116.40 342.56 260.65 125.47 300.29 259.51 189.02 224.03 214.70 162.67 160.23 212.57 48.21 72.30 95.36 228.85 69.06 98.10 298.05 253.39 289.81 234.92 402.80 88.77 85.71 223.65 173.16 23.94 204.80 98.42 260.39 93.34 319.93 197.10 258.46 232.57 196.97 91.45 176.10 159.17 218.15 193.88 101.45 136.24 394.46 212.19 309.59 182.61 294.35 111.92 299.97 46.75 182.43 101.97 83.88 83.27 221.95 133.21 200.74 270.70 345.79 260.87 69.65 321.91 368.10 211.29 188.81 52.26 336.64 169.94 206.00 335.51 249.31 105.40 241.01 150.73 108.07 167.31 135.46 215.36 254.74 288.26 180.49 57.81 348.18
262.74 67.07 299.81 181.15 289.77 310.58 194.97 194.87 237.84 67.17 0.00 266.61 62.76 290.42 137.23 165.74 388.17 242.23 188.67 350.39 249.68 173.70 290.92 210.55 229.47 141.96 248.93 115.29 76.76 122.70 289.38 30.56 122.68 329.01 318.42 332.34 274.25 449.90 125.35 105.48 289.81 145.25 50.19 218.96 141.20 295.97 99.73 371.34 183.70 289.60 248.04 263.82 99.15 156.02 223.01 283.46 260.83 166.96 180.34 441.23 247.58 344.90 201.66 359.80 178.10 367.13 106.97 242.76 42.28 98.70 143.40 208.52 168.02 211.69 291.22 382.40 326.80 109.44 358.81 419.70 267.10 190.74 95.62 375.01 235.44 269.32 368.95 314.33 170.19 305.64 127.61 70.74 231.31 197.34 277.77 320.79 348.87 247.49 106.19 389.82
45.02 272.19 120.84 297.17 294.50 210.73 98.73 207.99 332.13 200.23 266.61 0.00 219.82 177.89 315.98 180.63 232.30 362.56 84.51 180.48 343.03 305.06 63.92 299.59 66.13 291.82 188.87 152.31 227.83 227.26 76.00 259.26 200.24 256.14 58.32 206.68 187.76 276.20 210.40 208.62 82.36 315.19 221.85 251.34 198.05 215.55 228.12 189.02 306.80 230.19 263.05 13.34 252.32 304.80 105.92 94.53 53.95 118.64 150.54 270.29 192.14 248.51 228.79 95.79 106.14 110.68 174.71 69.33 294.81 241.45 153.91 323.73 177.24 257.20 271.94 270.48 61.25 204.98 251.42 227.53 101.52 271.30 202.02 256.77 34.17 114.07 274.27 54.64 97.73 113.94 293.16 282.32 47.39 82.26 54.94 54.86 115.97 26.75 172.38 252.95
209.00 55.55 274.70 142.47 235.38 248.10 166.26 134.70 198.55 49.59 62.76 219.82 0.00 227.66 119.78 165.47 325.43 211.19 137.00 288.16 211.09 139.57 254.45 167.15 194.93 110.64 186.59 81.25 23.04 142.86 232.42 41.97 61.22 268.09 267.15 269.60 211.65 387.20 137.79 44.78 257.40 124.25 58.69 163.84 148.01 233.90 45.97 309.34 147.84 228.47 192.57 219.40 132.76 126.51 199.10 254.32 224.47 140.30 117.86 378.52 185.38 283.02 143.97 309.05 148.52 326.29 94.58 186.27 76.56 127.29 129.29 172.82 105.46 158.20 233.75 320.35 277.65 118.72 296.67 357.65 207.17 142.65 101.36 312.68 186.64 245.81 307.52 263.09 122.24 278.25 101.49 65.53 179.57 143.58 222.91 272.08 291.48 204.54 48.67 327.16
132.89 253.29 298.12 202.96 134.57 33.19 236.46 111.29 208.75 247.11 290.42 177.89 227.66 0.00 253.72 304.86 97.96 244.86 153.97 70.37 215.49 216.79 241.63 186.52 225.12 223.20 49.81 219.87 217.33 325.22 110.32 266.28 169.97 78.31 168.32 42.70 24.21 160.09 311.11 187.26 260.16 247.40 269.92 128.63 308.15 39.98 199.67 92.92 212.23 59.34 121.17 190.10 334.48 228.17 262.42 271.32 228.49 236.41 111.39 151.29 53.23 73.11 120.91 195.45 230.06 263.57 256.63 112.95 294.65 324.98 262.08 216.40 123.27 139.72 107.08 103.26 187.50 296.21 80.37 137.71 76.38 168.73 283.46 91.94 161.39 286.80 100.27 166.62 173.35 291.77 234.23 260.62 145.15 141.85 126.44 187.35 132.51 193.10 190.09 101.09
292.32 72.20 389.53 64.22 192.10 259.66 281.80 142.81 112.02 168.08 137.23 315.98 119.78 253.72 0.00 284.46 345.60 107.37 232.23 323.70 121.90 50.29 361.61 96.02 305.85 30.53 203.97 198.72 99.88 254.26 304.34 110.26 115.75 258.67 352.28 287.77 230.83 406.65 252.61 108.81 367.91 10.11 169.35 135.63 265.06 240.17 89.82 346.33 60.61 225.14 160.00 319.03 235.27 30.75 315.84 367.20 332.76 257.55 174.74 397.69 200.74 282.05 133.95 393.27 264.29 426.48 214.16 264.13 103.17 233.24 249.04 80.70 148.32 124.29 205.19 318.74 366.60 234.16 298.02 391.23 268.85 93.13 217.31 316.00 281.86 361.86 299.64 348.51 225.04 391.72 22.88 66.60 269.99 233.80 302.12 362.12 357.61 306.89 152.15 337.14
205.58 214.64 151.20 304.18 370.31 335.68 82.03 261.21 357.79 116.40 165.74 180.63 165.47 304.86 284.46 0.00 387.96 374.70 151.53 338.38 370.46 303.38 168.04 324.27 116.78 275.76 285.71 99.41 187.44 59.27 242.13 180.63 201.03 371.87 238.56 345.19 300.98 441.57 45.96 193.81 157.14 289.52 118.80 303.25 27.65 330.10 205.99 353.16 310.75 334.77 328.09 170.44 92.80 291.67 85.30 144.47 143.84 69.76 209.65 434.36 286.80 376.16 278.74 271.79 79.17 245.97 71.36 204.80 207.54 84.10 44.80 335.08 220.03 301.94 359.02 408.12 237.25 56.92 385.12 397.62 244.06 296.41 70.31 396.44 166.38 121.31 403.48 235.05 131.52 160.54 266.94 222.93 175.31 164.06 222.14 230.58 294.06 153.98 151.56 401.33
191.20 350.65 350.17 289.55 189.39 86.02 312.33 205.99 282.28 342.56 388.17 232.30 325.43 97.96 345.60 387.96 0.00 318.21 237.34 51.85 285.89 304.20 290.26 267.49 292.20 315.19 144.28 311.34 315.28 415.24 156.39 364.24 267.91 104.03 198.08 58.15 117.09 62.27 400.20 285.21 310.98 338.37 365.82 212.83 395.05 105.98 297.33 48.56 297.99 123.85 196.00 245.64 427.50 318.06 332.26 325.28 286.25 318.21 208.34 53.40 146.86 76.72 211.72 206.33 309.72 285.62 347.47 183.92 392.44 417.59 347.73 297.03 221.23 224.51 162.26 61.90 215.07 386.75 63.18 56.71 144.01 255.62 375.35 50.68 228.43 346.37 81.59 198.44 258.87 341.22 327.56 357.70 215.46 224.67 177.75 217.96 136.34 254.50 286.43 28.80
328.43 175.30 456.86 71.23 132.49 236.63 354.56 156.12 36.31 260.65 242.23 362.56 211.19 244.86 107.37 374.70 318.21 0.00 286.67 312.55 33.22 71.63 418.17 63.39 370.40 101.76 199.64 279.65 188.34 353.06 328.51 213.35 179.04 216.62 384.63 265.91 220.83 373.28 348.92 182.13 428.89 98.12 267.41 118.91 359.00 216.34 168.72 333.97 63.98 195.96 124.54 369.11 337.81 86.62 389.41 431.87 392.30 334.60 212.12 364.75 195.62 243.81 136.47 421.84 338.34 471.20 303.38 298.76 210.42 334.51 334.52 40.64 186.05 109.68 156.93 274.97 401.85 329.89 259.54 371.68 288.57 91.29 312.54 276.96 330.50 432.46 252.66 381.45 287.27 456.55 114.78 171.83 315.28 283.64 333.31 398.84 371.00 360.87 227.22 301.60
74.26 188.09 172.09 218.41 239.75 185.63 84.87 138.69 259.05 125.47 188.67 84.51 137.00 153.97 232.23 151.53 237.34 286.67 0.00 189.08 270.77 224.83 132.03 225.22 86.29 209.14 141.81 81.74 143.57 179.51 104.28 177.68 116.78 224.69 130.42 193.72 152.58 293.06 163.83 124.26 142.24 231.92 148.93 184.10 157.76 182.25 143.75 205.75 227.69 190.14 201.97 86.80 196.20 222.77 115.51 146.15 105.63 82.48 78.17 285.44 143.81 226.24 159.55 172.21 76.35 194.40 114.21 59.05 213.09 185.63 110.39 246.69 101.38 187.52 222.43 257.04 140.68 152.00 234.34 252.36 94.69 195.99 143.09 245.12 50.46 151.09 253.60 126.35 22.39 170.59 209.50 198.18 42.81 12.67 89.89 135.19 163.28 75.39 88.72 249.86
139.47 319.18 298.78 273.25 193.10 77.90 261.55 180.96 276.26 300.29 350.39 180.48 288.16 70.37 323.70 338.38 51.85 312.55 189.08 0.00 282.02 287.14 238.97 255.90 240.54 293.22 120.10 265.87 280.65 368.23 104.54 328.53 234.02 115.66 148.39 51.55 94.23 104.05 352.79 250.86 259.58 317.55 323.96 198.32 346.71 97.17 265.06 22.63 282.46 118.43 188.03 193.82 382.36 298.48 280.70 273.69 234.43 268.64 170.37 96.37 123.59 93.63 191.27 161.33 259.68 238.91 301.30 133.66 358.88 372.18 299.17 285.84 187.61 209.60 164.66 98.94 166.11 340.17 87.54 69.75 94.56 238.99 329.66 84.93 177.05 294.55 111.24 148.41 211.06 290.04 303.83 327.07 164.58 176.44 125.90 168.47 90.78 202.69 245.95 74.19
306.71 182.88 442.49 69.15 99.31 205.36 343.28 135.05 12.68 259.51 249.68 343.03 211.09 215.49 121.90 370.46 285.89 33.22 270.77 282.02 0.00 76.24 400.78 46.80 356.07 107.97 172.15 272.94 188.06 353.95 304.03 219.68 170.51 183.76 361.27 234.47 191.74 340.39 348.28 176.67 412.72 111.89 269.11 93.55 356.87 185.24 166.19 303.12 66.01 164.52 94.36 350.44 341.67 95.27 377.95 416.86 376.10 325.24 193.94 331.90 168.11 211.03 114.35 397.28 327.79 450.06 299.71 277.22 222.00 337.37 328.60 41.76 169.39 86.12 124.13 241.85 378.99 329.16 226.68 339.83 263.78 76.07 311.77 244.02 312.02 419.45 219.48 358.26 273.74 441.35 123.31 181.19 296.17 266.47 310.34 376.36 343.85 343.43 219.97 268.77
275.49 106.75 391.60 15.01 142.36 218.33 286.96 110.30 64.90 189.02 173.70 305.06 139.57 216.79 50.29 303.38 304.20 71.63 224.83 287.14 76.24 0.00 356.82 45.76 305.63 31.77 167.30 209.46 116.72 281.64 281.80 143.95 111.40 212.55 334.25 247.27 192.97 364.10 277.31 112.13 365.85 40.44 196.08 91.44 287.39 198.22 97.55 309.62 10.67 181.40 112.78 310.12 267.29 20.11 321.78 367.45 329.58 265.68 156.01 355.20 163.68 237.10 96.17 373.76 270.25 415.41 232.03 246.12 146.03 263.60 263.77 34.81 128.68 79.76 157.03 272.96 350.15 258.28 253.22 352.61 243.69 48.62 240.92 271.26 271.72 365.98 253.01 330.73 222.48 392.20 47.18 104.97 257.80 223.66 282.94 346.38 330.89 300.13 157.73 293.47
108.78 309.47 60.00 350.41 357.28 274.35 98.14 266.37 389.41 224.03 290.92 63.92 254.45 241.63 361.61 168.04 290.26 418.17 132.03 238.97 400.78 356.82 0.00 356.05 61.50 340.13 252.02 176.87 266.91 223.84 136.38 289.90 247.57 319.92 96.33 269.06 251.65 328.88 207.65 252.80 21.10 362.14 242.09 310.84 191.69 279.46 271.90 244.59 359.72 294.04 324.44 52.73 254.09 354.18 82.75 37.29 30.20 125.67 206.84 323.82 255.18 311.64 287.38 114.65 113.57 79.06 187.66 132.61 324.76 243.72 156.99 378.44 232.18 315.80 335.30 332.15 85.12 208.05 313.87 278.21 165.26 327.10 210.46 318.27 89.38 64.15 337.03 94.68 136.57 51.18 339.22 319.61 106.12 134.57 116.67 79.55 162.59 57.37 211.11 312.67
265.05 145.21 396.52 32.30 97.05 182.82 296.60 92.73 34.38 214.70 210.55 299.59 167.15 186.52 96.02 324.27 267.49 63.39 225.22 255.90 46.80 45.76 356.05 0.00 310.04 73.33 139.18 226.37 144.30 309.69 265.46 180.07 123.86 171.33 321.30 212.22 162.31 325.77 303.34 130.71 367.41 86.21 225.68 58.03 311.34 162.36 121.53 277.93 35.88 143.65 71.93 306.42 299.12 65.47 331.31 371.10 330.78 278.44 149.42 316.97 135.24 197.02 73.25 358.75 281.03 407.91 253.80 235.39 187.33 294.24 282.10 29.95 123.97 47.58 113.75 231.67 338.48 284.24 213.16 318.45 225.68 29.45 266.90 231.14 267.85 373.10 210.88 318.10 227.42 395.67 89.75 145.33 252.40 221.50 269.96 335.45 309.34 298.69 173.40 254.37
101.11 250.33 86.50 300.71 324.78 258.24 38.19 224.95 344.15 162.67 229.47 66.13 194.93 225.12 305.85 116.78 292.20 370.40 86.29 240.54 356.07 305.63 61.50 310.04 0.00 286.33 223.46 115.92 208.86 168.03 137.14 229.15 194.55 301.16 122.62 259.61 229.44 339.61 151.35 197.56 62.53 307.19 180.60 270.38 136.99 258.90 216.10 251.45 309.59 269.92 287.93 54.55 196.34 301.03 40.48 61.84 31.66 64.67 164.45 333.28 225.96 298.06 245.78 155.03 52.28 139.30 126.50 112.59 263.77 185.70 97.62 330.00 186.92 273.64 305.99 324.25 120.48 149.41 303.38 292.08 152.10 280.64 150.30 311.10 64.59 65.06 324.92 119.31 83.26 86.58 283.94 260.40 80.04 93.46 115.74 113.81 182.03 39.75 153.89 310.46
265.95 74.98 371.36 41.32 166.27 229.29 264.92 112.39 96.45 160.23 141.96 291.82 110.64 223.20 30.53 275.76 315.19 101.76 209.14 293.22 107.97 31.77 340.13 73.33 286.33 0.00 173.45 184.52 88.32 251.48 276.28 112.32 92.57 229.44 325.66 257.31 200.30 376.34 247.83 89.19 347.69 25.03 165.79 106.27 258.61 209.91 72.10 315.85 42.01 195.23 131.78 295.67 236.16 15.91 299.49 348.08 311.93 242.18 147.18 367.38 170.21 252.36 103.49 366.26 247.76 402.50 204.49 237.28 114.80 232.76 237.53 66.57 120.25 95.19 177.35 289.28 340.54 228.89 268.27 360.70 240.04 64.70 211.62 286.21 257.88 344.68 270.57 321.97 204.04 372.77 16.43 73.37 245.18 209.60 275.03 336.30 328.60 284.39 134.57 307.07
146.30 206.81 303.97 153.69 105.84 61.78 226.66 61.99 164.14 212.57 248.93 188.87 186.59 49.81 203.97 285.71 144.28 199.64 141.81 120.10 172.15 167.30 252.02 139.18 223.46 173.45 0.00 192.89 173.66 297.79 135.20 223.01 126.48 86.94 194.09 86.26 27.26 206.45 285.09 143.84 268.29 197.59 234.07 81.23 284.78 47.86 154.17 142.69 163.11 49.08 80.07 199.30 302.82 178.38 256.74 276.94 233.59 220.77 78.13 197.52 4.04 97.15 71.22 227.25 216.89 287.18 229.50 119.56 249.37 294.04 241.31 168.78 81.25 91.74 83.40 133.99 212.74 268.62 110.20 187.29 95.20 119.60 254.25 126.09 164.59 287.99 122.96 191.55 156.90 299.49 184.70 213.61 147.41 131.64 145.49 211.15 171.71 197.90 154.76 141.67
154.64 136.64 193.52 208.49 271.61 247.97 85.14 162.43 260.30 48.21 115.29 152.31 81.25 219.87 198.72 99.41 311.34 279.65 81.74 265.87 272.94 209.46 176.87 226.37 115.92 184.52 192.89 0.00 98.88 105.52 186.01 113.25 102.54 279.82 206.39 262.12 211.62 369.69 92.23 97.54 177.81 201.90 69.63 203.90 92.79 239.44 112.54 284.12 215.84 241.31 229.09 148.79 116.49 200.24 117.89 173.70 146.67 59.13 114.89 361.68 193.39 287.52 179.50 246.96 67.40 252.05 36.86 140.53 147.90 106.36 55.84 239.37 121.65 202.54 261.67 321.93 213.18 76.41 298.26 331.63 173.35 197.98 64.00 311.50 122.82 164.56 314.40 202.32 60.07 197.35 178.51 146.48 121.74 93.09 170.88 206.98 244.82 132.28 52.97 320.18
212.58 44.66 290.86 119.43 215.11 235.45 182.65 118.16 175.53 72.30 76.76 227.83 23.04 217.33 99.88 187.44 315.28 188.34 143.57 280.65 188.06 116.72 266.91 144.30 208.86 88.32 173.66 98.88 0.00 165.89 232.94 49.35 47.41 252.36 271.90 258.45 199.67 377.41 160.76 30.07 271.35 103.45 81.38 143.71 170.69 220.11 24.08 302.35 124.87 213.04 172.68 228.68 155.10 104.23 216.34 269.42 237.30 157.83 111.02 368.62 172.05 268.77 125.24 313.82 165.01 336.33 116.20 187.81 78.38 149.96 149.84 149.81 94.06 137.38 215.02 306.40 283.67 141.68 282.95 350.39 204.53 120.32 124.30 299.45 193.97 262.66 292.47 267.90 131.71 293.69 80.26 54.68 185.09 148.39 225.41 278.41 291.10 214.76 56.03 315.19
244.63 182.12 210.45 285.26 369.66 353.49 130.33 261.77 341.40 95.36 122.70 227.26 142.86 325.22 254.26 59.27 415.24 353.06 179.51 368.23 353.95 281.64 223.84 309.69 168.03 251.48 297.79 105.52 165.89 0.00 279.74 144.63 192.65 384.66 285.53 367.31 317.09 472.28 16.86 181.01 214.63 260.87 85.70 299.25 32.51 344.71 188.16 385.25 290.32 345.75 326.49 218.78 34.01 267.04 141.97 202.79 197.58 108.80 219.66 464.52 298.09 392.98 276.34 321.65 121.14 302.60 68.66 237.62 164.77 27.03 73.65 315.41 222.88 295.69 362.74 427.45 286.75 29.19 403.79 431.75 274.13 284.13 44.56 416.96 206.94 180.42 419.79 281.76 157.28 219.63 240.00 188.74 212.17 192.02 261.49 280.08 335.54 201.55 147.38 425.16
36.79 276.83 195.54 271.00 239.06 141.41 161.88 173.61 294.68 228.85 289.38 76.00 232.42 110.32 304.34 242.13 156.39 328.51 104.28 104.54 304.03 281.80 136.38 265.46 137.14 276.28 135.20 186.01 232.94 279.74 0.00 274.35 193.58 187.71 59.14 133.09 125.72 202.54 263.35 206.98 156.45 301.15 252.58 210.54 254.41 150.05 225.33 114.31 280.93 167.73 214.90 89.32 299.21 286.50 177.58 169.86 129.92 173.69 129.69 196.14 139.07 176.60 192.22 93.35 163.10 153.80 217.38 46.64 308.71 288.49 207.14 293.05 156.10 218.95 213.52 195.78 78.12 253.66 177.85 156.04 40.33 240.18 246.28 181.89 76.07 190.06 201.28 56.94 126.15 187.53 281.82 286.35 67.66 93.46 21.48 77.34 59.54 98.49 184.30 177.06
250.43 38.31 304.83 150.93 259.64 284.79 197.36 166.97 207.74 69.06 30.56 259.26 41.97 266.28 110.26 180.63 364.24 213.35 177.68 328.53 219.68 143.95 289.90 180.07 229.15 112.32 223.01 113.25 49.35 144.63 274.35 0.00 96.64 301.18 308.08 307.62 248.95 426.29 144.44 79.25 291.01 117.58 61.96 189.10 158.47 269.42 70.83 349.97 153.79 262.02 218.18 257.98 125.14 126.81 228.09 286.35 259.71 169.96 158.23 417.53 221.40 318.00 172.56 349.90 179.82 363.80 114.85 228.13 35.55 122.99 151.81 178.75 143.07 181.57 261.78 355.66 318.00 126.77 332.25 398.18 248.97 160.21 110.87 348.79 226.64 274.96 341.50 304.01 161.55 309.54 98.57 44.13 220.44 184.86 264.57 312.29 333.44 242.48 90.27 364.50
177.86 85.93 280.28 107.96 177.73 188.24 175.81 73.67 157.90 98.10 122.68 200.24 61.22 169.97 115.75 201.03 267.91 179.04 116.78 234.02 170.51 111.40 247.57 123.86 194.55 92.57 126.48 102.54 47.41 192.65 193.58 96.64 0.00 206.89 237.91 211.04 152.31 330.06 183.99 17.39 255.42 115.14 115.24 106.72 189.95 173.30 32.17 255.93 116.19 167.30 134.52 203.51 188.77 106.73 210.67 256.39 219.49 155.62 66.25 321.26 124.99 222.23 84.73 279.38 159.37 310.79 131.61 150.66 124.99 181.79 158.33 138.43 46.75 103.10 173.79 259.72 251.56 165.22 236.15 303.77 161.93 95.47 148.35 252.45 166.13 254.59 246.46 234.06 111.72 281.12 92.92 94.62 154.32 118.05 188.83 246.89 250.07 191.89 49.61 267.87
211.15 279.24 376.12 197.54 85.67 46.32 309.16 134.23 181.37 298.05 329.01 256.14 268.09 78.31 258.67 371.87 104.03 216.62 224.69 115.66 183.76 212.55 319.92 171.33 301.16 229.44 86.94 279.82 252.36 384.66 187.71 301.18 206.89 0.00 244.45 64.38 72.24 156.66 372.02 223.75 338.34 250.23 318.80 123.17 371.62 42.51 230.47 132.14 204.81 39.72 99.91 268.24 388.90 229.00 337.15 349.24 306.21 305.70 165.03 148.15 86.57 27.50 131.04 267.82 300.86 339.57 316.43 190.14 323.58 380.35 327.71 199.63 165.04 134.38 59.69 60.44 263.58 355.49 42.93 160.08 154.66 165.62 340.98 60.43 238.36 363.90 41.29 243.08 241.68 369.95 243.87 284.37 221.71 213.44 204.59 263.95 200.16 270.63 240.44 85.01
60.06 316.55 155.73 324.40 298.20 198.19 156.88 228.70 351.53 253.39 318.42 58.32 267.15 168.32 352.28 238.56 198.08 384.63 130.42 148.39 361.27 334.25 96.33 321.30 122.62 325.66 194.09 206.39 271.90 285.53 59.14 308.08 237.91 244.45 0.00 186.23 184.72 233.02 268.67 249.08 117.42 350.10 275.91 267.73 256.36 208.26 268.29 150.80 334.29 226.48 273.48 68.20 310.15 337.09 160.75 133.40 102.58 176.81 178.79 228.26 197.92 230.97 248.18 41.94 164.39 95.27 231.44 88.42 343.45 299.27 212.08 348.05 206.08 275.59 272.59 245.73 19.19 262.88 230.19 182.04 98.90 294.96 259.25 231.63 83.57 158.57 254.10 4.09 148.28 145.56 329.45 326.48 87.64 123.74 51.46 20.13 66.31 84.65 218.58 222.54
162.22 292.93 327.47 232.78 142.56 29.44 274.22 147.85 229.65 289.81 332.34 206.68 269.60 42.70 287.77 345.19 58.15 265.91 193.72 51.55 234.47 247.27 269.06 212.22 259.61 257.31 86.26 262.12 258.45 367.31 133.09 307.62 211.04 64.38 186.23 0.00 59.20 120.21 352.99 228.41 288.68 280.70 312.59 156.25 349.51 49.91 239.89 69.91 241.47 69.97 141.85 219.59 377.05 260.58 298.21 301.19 259.41 276.14 153.98 111.27 88.75 45.11 153.82 205.96 269.07 280.31 298.81 147.21 335.10 367.50 303.03 242.04 164.59 167.87 114.20 64.65 205.05 338.38 44.81 106.26 107.57 198.65 325.86 51.77 195.07 318.95 68.23 185.38 213.93 320.05 269.51 299.83 179.86 181.30 152.42 206.21 136.95 225.01 232.73 58.39
143.36 233.73 306.29 179.03 114.25 36.99 236.93 89.24 184.79 234.92 274.25 187.76 211.65 24.21 230.83 300.98 117.09 220.83 152.58 94.23 191.74 192.97 251.65 162.31 229.44 200.30 27.26 211.62 199.67 317.09 125.72 248.95 152.31 72.24 184.72 59.20 0.00 179.31 303.70 169.70 269.23 224.26 257.05 104.42 302.12 29.73 180.77 116.67 188.23 42.59 97.56 199.25 324.08 204.77 265.02 279.28 236.00 234.02 98.80 170.39 30.16 75.91 97.40 214.51 228.85 279.49 248.47 119.83 275.99 314.96 257.23 192.19 106.23 115.55 87.92 110.99 203.79 287.93 87.13 160.43 88.07 144.76 274.28 101.80 167.46 292.76 102.93 182.64 170.08 300.77 211.79 240.66 150.56 141.22 139.42 203.02 154.17 200.23 177.23 115.60
239.07 412.92 388.64 349.29 241.74 147.14 363.39 268.01 337.94 402.80 449.90 276.20 387.20 160.09 406.65 441.57 62.27 373.28 293.06 104.05 340.39 364.10 328.88 325.77 339.61 376.34 206.45 369.69 377.41 472.28 202.54 426.29 330.06 156.66 233.02 120.21 179.31 0.00 456.82 347.34 349.97 399.18 426.27 272.68 450.56 166.48 359.59 88.61 357.43 182.76 253.85 289.40 486.15 378.62 380.07 365.41 329.46 371.94 269.74 8.97 208.96 129.58 273.03 230.71 362.58 310.46 405.28 236.83 454.68 476.04 402.98 354.86 283.35 284.35 216.35 100.52 247.46 444.20 113.74 51.90 198.42 315.71 433.56 96.44 277.89 388.79 123.55 234.33 315.10 378.59 389.04 419.95 266.72 280.44 223.88 251.64 166.91 300.52 347.30 71.73
228.09 180.91 196.20 280.09 359.88 339.87 113.56 251.36 335.66 88.77 125.35 210.40 137.79 311.11 252.61 45.96 400.20 348.92 163.83 352.79 348.28 277.31 207.65 303.34 151.35 247.83 285.09 92.23 160.76 16.86 263.35 144.44 183.99 372.02 268.67 352.99 303.70 456.82 0.00 173.43 198.93 258.71 83.29 290.08 18.32 331.65 182.10 369.55 285.62 333.39 316.82 201.93 47.50 263.57 126.19 187.50 181.09 91.97 207.03 449.13 285.54 379.61 266.69 304.81 104.28 286.53 55.65 221.61 167.63 38.25 56.87 310.57 211.75 287.06 351.94 413.69 269.91 19.12 390.10 415.85 258.52 277.05 36.51 402.97 190.26 165.89 406.55 264.91 141.73 205.02 237.17 188.21 195.73 176.40 244.95 263.24 318.91 184.69 137.15 410.65
189.19 70.40 282.23 111.01 191.58 205.61 175.80 90.00 164.00 85.71 105.48 208.62 44.78 187.26 108.81 193.81 285.21 182.13 124.26 250.86 176.67 112.13 252.80 130.71 197.56 89.19 143.84 97.54 30.07 181.01 206.98 79.25 17.39 223.75 249.08 228.41 169.70 347.34 173.43 0.00 259.34 109.66 100.89 120.11 180.73 190.58 19.50 272.66 118.31 184.24 148.53 210.91 174.98 104.41 210.46 259.19 224.01 153.68 81.94 338.55 142.33 239.44 99.43 290.81 158.76 318.64 123.10 162.96 108.03 168.52 152.54 141.92 63.99 115.34 189.10 276.97 261.97 154.43 253.43 320.61 176.75 103.69 137.25 269.78 174.46 255.49 263.51 245.16 116.23 283.82 86.52 79.57 163.83 127.10 201.00 257.05 264.29 198.30 45.69 285.26
127.37 312.83 39.20 360.16 372.94 293.06 94.90 279.17 401.12 223.65 289.81 82.36 257.40 260.16 367.91 157.14 310.98 428.89 142.24 259.58 412.72 365.85 21.10 367.41 62.53 347.69 268.29 177.81 271.35 214.63 156.45 291.01 255.42 338.34 117.42 288.68 269.23 349.97 198.93 259.34 0.00 368.99 240.21 324.10 182.17 297.45 278.10 265.51 369.27 311.41 338.94 70.11 246.06 362.14 72.74 16.93 36.63 122.94 219.01 344.89 271.31 330.83 300.19 134.29 111.77 89.29 184.45 149.56 325.31 235.99 151.49 388.81 243.47 328.50 351.68 352.09 105.83 201.17 333.47 299.31 183.83 338.22 205.26 338.27 104.03 45.02 356.47 115.78 143.70 31.61 345.84 322.89 121.15 146.36 136.32 100.41 183.69 70.81 216.19 333.12
290.28 79.30 391.46 54.65 182.57 252.37 284.15 136.98 101.93 173.16 145.25 315.19 124.25 247.40 10.11 289.52 338.37 98.12 231.92 317.55 111.89 40.44 362.14 86.21 307.19 25.03 197.59 201.90 103.45 260.87 301.15 117.58 115.14 250.23 350.10 280.70 224.26 399.18 258.71 109.66 368.99 0.00 175.59 127.43 270.73 232.72 91.22 340.17 50.64 217.25 151.18 318.65 242.72 21.41 318.42 368.75 333.56 260.42 171.86 390.23 194.27 273.92 127.03 390.85 266.75 425.82 218.82 261.77 112.30 240.37 253.19 70.62 145.07 115.98 196.17 310.42 364.77 240.10 289.94 384.68 265.04 84.62 223.11 307.95 281.15 364.16 291.10 346.38 225.67 393.35 23.46 74.51 268.83 232.94 299.62 360.43 353.63 306.92 153.99 329.37
222.95 97.65 249.62 200.15 292.45 294.03 145.31 188.29 256.64 23.94 50.19 221.85 58.69 269.92 169.35 118.80 365.82 267.41 148.93 323.96 269.11 196.08 242.09 225.68 180.60 165.79 234.07 69.63 81.38 85.70 252.58 61.96 115.24 318.80 275.91 312.59 257.05 426.27 83.29 100.89 240.21 175.59 0.00 221.00 96.61 281.92 104.66 343.72 204.91 279.11 249.36 217.91 74.25 181.34 172.84 233.49 212.15 117.27 158.71 417.89 233.50 331.21 199.89 316.58 128.74 319.15 56.78 206.22 89.92 68.60 93.31 230.05 153.76 216.02 288.99 367.72 282.80 65.09 343.84 391.92 235.22 201.34 48.91 358.85 192.35 219.14 356.84 271.84 128.43 255.52 154.40 105.16 190.42 159.14 238.81 276.57 311.94 201.13 79.92 370.92
213.69 161.51 355.95 76.72 71.55 127.11 262.73 45.46 84.22 204.80 218.96 251.34 163.84 128.63 135.63 303.25 212.83 118.91 184.10 198.32 93.55 91.44 310.84 58.03 270.38 106.27 81.23 203.90 143.71 299.25 210.54 189.10 106.72 123.17 267.73 156.25 104.42 272.68 290.08 120.11 324.10 127.43 221.00 0.00 294.87 106.88 119.79 220.52 85.23 90.07 29.08 259.49 295.04 106.41 296.49 329.64 287.68 248.67 105.94 263.77 77.26 146.49 25.09 303.85 248.90 357.09 236.37 184.38 206.23 288.34 259.03 87.81 85.70 11.68 73.68 183.12 285.51 271.51 162.51 262.11 170.35 43.08 254.83 180.53 221.52 335.02 164.31 264.74 190.88 353.74 120.86 165.20 205.14 178.08 216.87 282.96 252.12 253.80 153.28 202.25
218.53 193.98 178.27 289.34 363.71 337.79 99.90 254.67 344.21 98.42 141.20 198.05 148.01 308.15 265.06 27.65 395.05 359.00 157.76 346.71 356.87 287.39 191.69 311.34 136.99 258.61 284.78 92.79 170.69 32.51 254.41 158.47 189.95 371.62 256.36 349.51 302.12 450.56 18.32 180.73 182.17 270.73 96.61 294.87 0.00 330.61 190.94 362.72 295.32 333.52 320.90 188.92 65.38 274.46 109.56 170.28 165.91 81.04 207.20 443.05 285.50 377.91 270.95 291.46 92.64 270.32 58.51 214.20 183.37 56.48 47.63 320.06 214.24 292.54 354.40 411.19 256.64 31.88 387.81 408.37 252.17 284.34 47.83 400.09 180.00 148.10 405.04 252.68 136.22 187.29 248.71 201.73 186.81 170.43 235.34 249.96 308.71 171.88 141.61 406.67
170.77 251.05 334.86 183.58 97.27 20.47 266.66 104.20 180.04 260.39 295.97 215.55 233.90 39.98 240.17 330.10 105.98 216.34 182.25 97.17 185.24 198.22 279.46 162.36 258.90 209.91 47.86 239.44 220.11 344.71 150.05 269.42 173.30 42.51 208.26 49.91 29.73 166.48 331.65 190.58 297.45 232.72 281.92 106.88 330.61 0.00 199.65 117.90 192.09 21.40 92.03 227.36 350.46 212.23 294.69 307.91 264.73 263.49 125.31 157.53 48.61 49.31 106.82 235.14 258.48 303.50 276.22 148.51 294.46 341.59 286.15 192.15 128.87 118.55 69.04 86.45 227.44 315.53 62.86 156.16 114.59 149.65 301.47 79.51 196.49 321.95 75.26 206.52 199.51 329.04 222.84 257.20 179.71 170.94 165.47 227.22 170.81 229.03 202.58 97.74
208.33 54.17 300.25 98.43 191.11 215.80 193.16 96.36 153.56 93.34 99.73 228.12 45.97 199.67 89.82 205.99 297.33 168.72 143.75 265.06 166.19 97.55 271.90 121.53 216.10 72.10 154.17 112.54 24.08 188.16 225.33 70.83 32.17 230.47 268.29 239.89 180.77 359.59 182.10 19.50 278.10 91.22 104.66 119.79 190.94 199.65 0.00 287.14 104.77 191.46 148.80 230.37 178.70 87.73 227.61 277.57 242.96 170.10 98.40 350.73 152.25 247.83 101.94 309.97 175.88 338.11 134.68 181.79 95.22 173.24 166.28 129.24 77.47 113.31 191.53 285.58 281.33 162.98 262.35 334.76 194.08 96.69 145.60 279.16 193.96 273.09 270.94 264.38 135.35 302.15 67.87 62.56 183.28 146.57 219.90 276.44 282.13 217.65 62.83 295.81
150.63 341.29 304.59 295.68 212.46 98.04 274.78 203.58 297.66 319.93 371.34 189.02 309.34 92.92 346.33 353.16 48.56 333.97 205.75 22.63 303.12 309.62 244.59 277.93 251.45 315.85 142.69 284.12 302.35 385.25 114.31 349.97 255.93 132.14 150.80 69.91 116.67 88.61 369.55 272.66 265.51 340.17 343.72 220.52 362.72 117.90 287.14 0.00 304.86 138.90 209.44 202.32 400.52 321.07 291.88 280.33 242.74 283.62 191.74 81.90 146.15 107.92 213.82 157.77 274.10 237.11 319.03 148.62 380.67 390.21 315.10 307.88 209.67 231.85 184.09 105.81 167.28 357.54 99.09 48.38 111.17 261.41 347.61 92.54 189.31 302.56 121.61 151.43 227.98 295.21 326.45 349.27 178.15 193.23 135.75 170.46 87.89 212.67 266.37 75.97
276.01 116.87 395.80 9.93 132.87 212.35 292.01 108.11 54.45 197.10 183.70 306.80 147.84 212.23 60.61 310.75 297.99 63.98 227.69 282.46 66.01 10.67 359.72 35.88 309.59 42.01 163.11 215.84 124.87 290.32 280.93 153.79 116.19 204.81 334.29 241.47 188.23 357.43 285.62 118.31 369.27 50.64 204.91 85.23 295.32 192.09 104.77 304.86 0.00 174.68 104.90 312.27 276.60 30.75 326.86 371.34 332.87 271.34 156.90 348.55 159.38 229.76 92.49 373.37 275.51 416.84 239.45 246.49 156.56 272.71 270.57 25.17 129.75 73.60 148.48 265.25 350.53 266.54 245.90 347.19 242.31 43.52 249.16 263.95 273.75 370.61 244.99 330.85 226.34 396.08 57.71 115.35 259.44 225.93 282.88 346.93 328.82 302.78 163.63 286.50
185.91 241.14 348.18 166.56 76.02 40.89 275.00 95.10 159.73 258.46 289.60 230.19 228.47 59.34 225.14 334.77 123.85 195.96 190.14 118.43 164.52 181.40 294.04 143.65 269.92 195.23 49.08 241.31 213.04 345.75 167.73 262.02 167.30 39.72 226.48 69.97 42.59 182.76 333.39 184.24 311.41 217.25 279.11 90.07 333.52 21.40 191.46 138.90 174.68 0.00 72.30 241.54 349.43 196.39 304.38 321.15 277.80 269.76 126.43 173.88 48.05 57.58 93.87 254.72 265.66 321.51 277.75 161.87 285.21 340.97 290.33 173.20 125.37 101.71 47.99 95.21 245.62 316.62 73.21 175.84 130.62 133.15 301.89 91.05 208.99 333.84 79.49 224.55 205.82 342.91 208.90 246.66 191.94 179.52 181.94 245.07 191.43 241.99 200.93 112.18
222.82 190.22 372.32 97.77 43.22 112.45 283.27 67.00 88.24 232.57 248.04 263.05 192.57 121.17 160.00 328.09 196.00 124.54 201.97 188.03 94.36 112.78 324.44 71.93 287.93 131.78 80.07 229.09 172.68 326.49 214.90 218.18 134.52 99.91 273.48 141.85 97.56 253.85 316.82 148.53 338.94 151.18 249.36 29.08 320.90 92.03 148.80 209.44 104.90 72.30 0.00 272.22 323.22 129.81 316.31 345.64 302.96 271.04 124.72 245.06 76.09 125.17 50.15 307.28 270.32 365.44 262.52 194.40 234.90 316.32 283.55 101.11 108.39 37.71 45.71 160.35 291.90 298.44 141.32 248.01 174.67 67.10 281.97 159.33 235.20 352.94 140.23 270.79 211.08 369.29 147.08 193.62 218.32 194.61 223.87 289.97 250.80 268.17 179.70 182.43
57.53 272.70 108.16 302.75 304.62 223.06 89.09 215.55 339.33 196.97 263.82 13.34 219.40 190.10 319.03 170.44 245.64 369.11 86.80 193.82 350.44 310.12 52.73 306.42 54.55 295.67 199.30 148.79 228.68 218.78 89.32 257.98 203.51 268.24 68.20 219.59 199.25 289.40 201.93 210.91 70.11 318.65 217.91 259.49 188.92 227.36 230.37 202.32 312.27 241.54 272.22 0.00 244.86 309.03 93.66 81.63 40.61 110.81 157.02 283.54 202.46 261.13 236.48 102.93 98.10 107.80 168.85 79.91 293.48 234.02 145.93 329.89 183.22 264.92 282.58 283.51 68.03 197.48 264.28 240.56 113.82 277.83 195.50 269.84 38.62 100.74 287.03 64.81 97.26 101.72 296.30 282.87 54.37 86.47 68.20 61.38 128.32 17.41 172.82 266.21
265.39 163.43 243.63 272.53 366.38 360.95 158.19 260.96 329.34 91.45 99.15 252.32 132.76 334.48 235.27 92.80 427.50 337.81 196.20 382.36 341.67 267.29 254.09 299.12 196.34 236.16 302.82 116.49 155.10 34.01 299.21 125.14 188.77 388.90 310.15 377.05 324.08 486.15 47.50 174.98 246.06 242.72 74.25 295.04 65.38 350.46 178.70 400.52 276.60 349.43 323.22 244.86 0.00 251.20 173.34 234.89 226.82 134.05 225.36 478.11 302.66 399.44 273.50 347.70 146.80 333.12 82.00 255.19 139.73 10.88 99.13 301.77 224.44 290.23 362.04 435.05 312.82 47.38 411.21 447.86 289.56 275.36 53.11 425.32 229.18 213.38 425.72 306.27 173.84 252.52 223.29 168.75 232.40 208.26 282.16 306.20 356.59 227.46 148.51 435.36
277.65 88.96 386.32 33.49 161.35 232.04 280.21 118.78 84.37 176.10 156.02 304.80 126.51 228.17 30.75 291.67 318.06 86.62 222.77 298.48 95.27 20.11 354.18 65.47 301.03 15.91 178.38 200.24 104.23 267.04 286.50 126.81 106.73 229.00 337.09 260.58 204.77 378.62 263.57 104.41 362.14 21.41 181.34 106.41 274.46 212.23 87.73 321.07 30.75 196.39 129.81 309.03 251.20 0.00 314.85 362.83 326.22 257.72 158.31 369.68 174.95 252.87 107.37 377.33 263.13 415.46 220.41 248.68 126.74 248.01 253.39 53.51 131.07 94.89 174.77 289.24 352.35 244.66 268.91 365.07 249.46 63.45 227.40 286.94 271.01 359.85 269.80 333.46 218.44 387.54 28.44 86.30 257.90 222.73 286.15 348.27 337.60 298.13 149.95 308.56
141.40 254.32 76.90 318.56 354.99 295.33 34.86 251.18 365.67 159.17 223.01 105.92 199.10 262.42 315.84 85.30 332.26 389.41 115.51 280.70 377.95 321.78 82.75 331.31 40.48 299.49 256.74 117.89 216.34 141.97 177.58 228.09 210.67 337.15 160.75 298.21 265.02 380.07 126.19 210.46 72.74 318.42 172.84 296.49 109.56 294.69 227.61 291.88 326.86 304.38 316.31 93.66 173.34 314.85 0.00 62.21 60.25 58.80 191.61 373.73 258.92 335.52 271.48 190.06 51.73 160.86 116.10 151.02 260.91 163.31 80.81 348.78 211.17 298.48 337.93 362.83 156.41 128.86 341.52 332.53 191.03 301.91 134.14 349.87 103.99 46.91 362.59 157.69 105.60 82.82 294.97 264.04 118.38 125.10 156.20 149.86 221.87 80.01 164.92 350.01
139.14 309.87 27.05 362.41 380.75 304.39 89.01 284.41 405.06 218.15 283.46 94.53 254.32 271.32 367.20 144.47 325.28 431.87 146.15 273.69 416.86 367.45 37.29 371.10 61.84 348.08 276.94 173.70 269.42 202.79 169.86 286.35 256.39 349.24 133.40 301.19 279.28 365.41 187.50 259.19 16.93 368.75 233.49 329.64 170.28 307.91 277.57 280.33 371.34 321.15 345.64 81.63 234.89 362.83 62.21 0.00 43.38 116.73 223.94 360.18 279.81 342.71 305.37 151.20 106.54 104.00 177.08 159.46 320.11 225.06 142.72 391.56 247.48 333.51 360.27 364.99 122.40 191.00 345.90 314.99 195.25 341.76 196.27 351.26 112.39 28.33 368.66 131.59 145.01 24.74 345.44 319.84 129.56 151.57 149.26 116.85 199.54 79.18 215.07 346.87
97.21 279.59 70.43 323.71 337.61 261.62 69.28 242.67 364.49 193.88 260.83 53.95 224.47 228.49 332.76 143.84 286.25 392.30 105.63 234.43 376.10 329.58 30.20 330.78 31.66 311.93 233.59 146.67 237.30 197.58 129.92 259.71 219.49 306.21 102.58 259.41 236.00 329.46 181.09 224.01 36.63 333.56 212.15 287.68 165.91 264.73 242.96 242.74 332.87 277.80 302.96 40.61 226.82 326.22 60.25 43.38 0.00 96.28 182.44 323.74 236.48 300.29 263.68 129.87 83.94 107.69 158.16 116.23 294.56 216.28 128.64 352.26 206.84 291.97 316.94 323.58 96.57 180.21 303.98 280.16 152.73 301.60 181.69 309.98 69.01 60.14 326.48 99.89 107.92 66.34 310.52 289.72 86.19 109.80 108.75 90.11 166.43 35.81 181.66 306.74
137.59 195.53 135.01 263.42 311.81 267.83 28.04 204.34 312.76 101.45 166.96 118.64 140.30 236.41 257.55 69.76 318.21 334.60 82.48 268.64 325.24 265.68 125.67 278.44 64.67 242.18 220.77 59.13 157.83 108.80 173.69 169.96 155.62 305.70 176.81 276.14 234.02 371.94 91.97 153.68 122.94 260.42 117.27 248.67 81.04 263.49 170.10 283.62 271.34 269.76 271.04 110.81 134.05 257.72 58.80 116.73 96.28 0.00 147.91 364.68 222.26 308.43 223.61 213.70 12.81 203.96 62.00 135.11 203.42 123.23 35.27 294.02 163.11 249.25 297.79 339.52 178.80 86.68 316.78 328.49 174.30 249.31 85.90 327.59 98.96 105.61 335.79 173.02 64.02 139.60 236.98 205.27 106.29 94.83 154.37 172.17 227.68 93.43 107.99 331.87
