0.00 251.14 161.78 328.88 329.05 217.18 88.03 101.45 175.41 174.89 150.30 179.04 92.97 189.66 10.98 317.17 151.13 108.07 221.46 37.68 197.36 320.83 253.22 14.70 265.12 76.69 81.83 91.12 214.79 38.76 182.55 190.34 203.93 211.29 347.50 90.11 76.82 87.54 221.41 194.31 137.67 203.26 70.10 289.42 291.72 204.49 218.26 142.16 154.51 307.34 128.12 155.48 138.13 63.71 97.08 160.52 228.66 101.60 293.94 185.35 280.64 309.69 151.40 254.95 200.90 56.01 47.23 183.31 343.46 184.74 265.19 181.46 48.05 52.41 268.94 242.59 94.48 59.00 208.52 172.67 100.56 182.47 114.77 151.35 83.46 244.43 160.81 220.56 200.36 365.07 166.44 319.57 252.05 212.56 275.49 22.81 204.66 322.88 246.06 131.96 143.29 192.58 72.33 302.18 248.70 152.86 369.32 177.45 263.42 158.89 129.32 70.21 69.57 313.46 262.68 116.89 245.55 147.33 103.31 261.58 206.14 123.21 76.31 170.03 170.00 282.97 267.27 237.93 189.21 307.39 163.88 328.00 85.07 124.57 180.68 143.00 214.28 127.49 291.26 207.13 124.06 189.00 95.05 252.06 223.86 163.22 235.56 45.86 225.35 308.32 250.36 263.60 242.46 157.31 226.95 125.40 165.10 158.18 174.65 287.31 89.44 129.29 235.79 103.11 217.40 145.99 245.13 289.87 290.03 95.82 322.98 374.79 197.39 85.53 307.27 251.00 95.65 356.25 258.96 82.15 126.86 389.25 293.34 265.64 116.02 150.28 256.90 247.26 353.57 300.27 134.10 313.56 152.09 179.14 213.43 48.84 127.86 117.28 293.28 290.96
251.14 0.00 231.87 273.65 100.67 165.02 166.37 186.93 97.79 148.22 163.85 93.59 285.21 144.09 249.09 156.91 120.46 343.91 321.46 282.08 64.41 286.15 340.83 262.51 57.85 183.66 300.25 200.69 188.01 216.39 144.96 423.33 221.33 94.06 101.38 184.05 325.99 165.99 98.88 113.51 186.97 72.99 187.10 110.49 288.20 191.15 100.88 141.95 209.31 254.88 150.18 154.83 177.21 253.03 247.21 120.43 226.70 160.17 119.56 301.70 179.49 58.85 249.41 304.45 150.90 195.26 210.00 189.51 125.93 354.56 143.37 312.47 206.45 302.27 329.37 277.17 340.20 249.65 182.54 177.95 196.97 214.87 167.44 308.57 199.64 260.84 210.54 128.57 54.72 357.63 378.19 260.45 135.50 75.34 281.63 253.44 118.88 85.75 346.60 264.70 263.67 191.93 180.64 343.72 329.54 211.92 138.28 76.09 206.64 237.72 274.28 195.61 213.49 235.61 72.12 283.59 53.55 236.45 196.59 127.18 96.88 141.54 323.58 85.83 405.04 264.86 334.74 346.24 127.12 173.47 225.38 317.22 197.71 317.43 240.84 358.56 332.31 173.39 113.83 84.82 208.80 150.19 298.76 48.41 207.12 88.21 48.91 227.93 340.07 151.99 38.87 13.85 197.53 100.19 321.47 158.26 232.96 93.18 123.95 153.94 166.88 353.04 88.47 187.91 61.97 227.84 342.53 178.64 77.93 215.77 294.57 367.38 274.31 312.21 266.18 285.33 310.67 329.08 174.70 270.28 369.62 144.56 79.39 123.68 202.14 114.30 100.17 156.68 342.84 112.76 140.51 218.21 190.94 80.11 43.87 247.64 368.49 151.45 329.19 195.04
161.78 231.87 0.00 171.68 260.75 301.68 127.18 212.27 135.46 256.94 244.24 139.35 105.09 267.57 151.15 206.40 209.45 176.91 92.11 196.12 168.75 160.59 117.30 175.34 207.86 114.50 133.86 79.17 311.63 165.29 261.81 233.36 319.27 143.71 295.55 94.62 191.95 162.81 145.48 121.10 247.49 232.27 121.08 200.72 129.95 305.28 142.11 219.00 22.91 151.66 209.67 243.07 59.67 104.40 244.69 113.74 72.00 112.32 200.37 70.01 150.80 283.29 23.34 99.48 281.05 142.91 127.55 287.72 262.38 130.95 154.10 82.15 132.00 180.10 119.22 82.08 191.65 107.08 304.06 272.72 219.22 30.16 210.02 89.15 88.26 82.68 280.20 284.42 208.39 203.99 175.38 164.18 145.62 159.20 113.72 142.28 120.88 264.54 118.92 52.17 42.90 296.36 159.24 147.90 107.98 20.82 294.41 193.22 118.24 291.36 63.73 183.65 95.69 164.62 196.22 83.16 193.23 281.51 221.65 160.23 252.66 113.21 184.80 156.78 220.96 122.62 120.78 116.53 256.58 185.26 7.40 166.25 203.81 118.40 19.31 163.92 100.63 228.66 200.78 149.56 248.38 87.57 119.21 201.77 75.19 177.37 249.00 116.73 108.95 198.28 255.29 245.42 99.63 192.64 93.69 88.04 294.22 165.48 240.22 172.29 170.64 168.18 162.53 214.83 239.74 15.83 115.52 161.83 222.80 227.40 161.95 213.89 47.75 147.59 148.99 91.03 134.67 194.54 129.40 240.15 206.07 328.29 225.97 166.54 237.30 200.84 172.70 127.79 192.06 212.28 103.68 171.41 41.40 204.73 218.47 203.49 201.35 104.80 136.71 154.96
328.88 273.65 171.68 0.00 233.56 408.92 269.55 353.16 217.33 371.48 369.02 218.17 274.87 376.95 318.86 140.89 322.31 344.36 180.41 365.06 235.83 25.20 170.53 343.17 220.25 265.62 304.08 238.74 426.07 323.46 373.41 386.78 445.74 190.42 276.76 246.04 363.39 302.79 180.78 183.64 380.87 316.39 273.42 175.38 62.46 423.47 180.29 340.06 174.54 22.49 336.16 364.29 195.33 275.63 399.16 209.61 100.61 250.67 167.81 197.06 94.46 297.99 189.96 123.38 389.12 296.71 287.88 411.03 216.86 264.85 130.44 213.09 290.76 351.69 138.29 110.26 361.82 277.88 418.76 395.69 362.45 146.79 343.72 240.54 247.25 95.88 414.23 379.99 285.44 90.56 326.15 13.23 138.46 208.57 75.39 311.46 171.65 248.74 186.10 219.07 207.03 417.94 305.72 122.54 160.64 176.40 246.19 283.48 74.78 432.41 229.08 332.49 259.53 39.78 204.29 249.63 220.10 424.62 364.27 146.74 343.48 237.81 356.10 245.22 378.73 52.49 147.17 194.44 361.35 112.32 167.63 60.26 350.13 279.96 155.56 321.73 201.76 361.00 172.72 202.19 389.70 159.63 287.94 225.83 105.99 274.45 314.33 283.02 199.82 139.40 310.84 282.57 93.38 297.17 174.43 218.88 432.80 264.24 348.13 124.33 310.13 330.42 186.33 355.60 315.85 186.38 181.58 97.36 214.53 375.51 33.96 98.82 158.50 317.33 23.23 107.89 302.96 57.73 100.83 401.43 372.62 288.79 215.86 150.93 378.69 311.96 173.94 119.79 76.98 180.89 222.83 61.13 177.84 297.11 288.53 364.85 367.20 235.48 111.74 79.45
329.05 100.67 260.75 233.56 0.00 264.19 241.02 281.30 154.65 248.80 263.38 150.71 340.62 244.70 324.61 93.35 217.50 407.68 337.75 363.69 132.65 252.99 348.87 342.14 63.94 254.24 361.54 259.11 287.63 299.01 245.63 481.11 321.78 124.19 43.21 247.60 398.73 251.30 118.11 146.34 285.85 173.58 259.76 64.38 268.79 291.34 121.68 239.66 241.64 220.80 246.15 254.57 220.99 314.90 341.83 173.27 226.41 228.86 69.07 328.06 146.12 79.91 282.73 304.16 251.12 273.92 283.43 290.18 27.70 391.59 118.10 342.02 281.38 376.62 328.60 277.12 409.60 312.86 282.47 278.56 291.77 235.10 262.62 348.13 261.28 257.45 310.77 227.24 151.57 323.94 428.85 221.62 120.45 117.52 268.10 326.05 142.05 19.61 358.73 305.73 300.71 292.50 264.39 332.73 336.89 244.78 40.57 169.19 186.75 337.65 316.94 284.03 277.15 193.98 68.36 331.25 83.52 335.81 291.78 105.53 197.29 207.34 394.86 160.32 464.84 244.62 335.84 361.42 227.78 121.24 253.39 288.61 289.90 367.73 262.45 412.47 353.49 270.91 65.79 124.52 306.63 173.86 355.48 77.45 207.88 176.20 147.60 296.70 358.70 94.16 133.37 97.42 188.18 194.00 335.65 214.06 333.19 176.28 224.27 112.74 254.11 410.78 100.83 282.63 162.51 262.87 354.10 139.19 40.01 310.43 262.49 332.38 292.29 374.93 234.69 283.10 369.46 291.22 154.51 361.99 435.71 67.54 36.62 99.00 299.09 209.92 88.09 143.68 309.94 55.06 199.62 172.44 226.03 176.75 143.03 335.21 433.33 215.14 318.38 157.66
217.18 165.02 301.68 408.92 264.19 0.00 178.78 115.74 192.08 45.77 67.08 190.91 296.29 34.15 222.62 316.05 92.53 325.09 390.71 228.24 174.78 414.56 418.48 220.01 219.23 196.52 295.47 232.05 24.03 180.28 39.98 406.73 62.27 219.98 253.27 212.37 288.36 147.50 230.89 225.40 82.00 97.12 193.15 270.40 403.82 31.45 230.61 84.35 280.81 387.34 96.37 63.41 243.72 258.95 150.00 203.81 332.99 190.25 279.15 359.75 321.75 197.19 308.16 397.41 20.73 181.06 203.53 44.41 290.45 386.78 288.01 363.73 197.51 265.10 419.59 373.97 308.56 253.63 21.11 47.20 117.87 300.76 104.31 344.22 224.94 364.03 76.77 37.09 127.42 480.47 381.93 396.01 276.25 203.62 392.26 233.51 237.27 247.20 418.02 307.33 313.10 39.47 158.32 444.22 409.59 281.85 298.76 125.50 334.71 102.06 311.84 147.96 228.89 375.77 230.22 310.06 207.18 107.92 115.33 273.92 69.70 189.25 290.21 163.98 386.24 384.23 422.00 413.47 47.73 326.59 298.17 438.57 132.26 331.82 318.29 358.67 392.96 89.71 273.66 208.31 103.14 253.89 304.12 206.24 316.66 135.13 116.68 226.17 403.28 309.69 131.10 166.77 318.64 113.68 393.61 214.35 93.80 146.15 62.54 304.64 140.89 346.04 230.72 114.15 103.96 289.83 415.23 324.59 242.31 128.87 421.21 490.79 349.38 301.69 395.27 383.31 309.12 457.88 309.21 181.56 341.36 293.55 244.04 272.83 106.30 101.84 250.56 290.35 466.05 274.95 201.13 362.93 264.76 111.92 129.18 182.40 343.33 197.00 431.07 337.39
88.03 166.37 127.18 269.55 241.02 178.78 0.00 86.44 87.88 133.10 117.72 91.34 127.19 145.32 84.05 234.13 90.27 178.39 212.79 123.31 109.63 267.13 241.60 101.28 177.09 19.67 136.66 53.28 186.18 61.61 138.92 259.38 192.09 124.97 260.24 33.77 160.15 35.82 135.77 110.36 120.40 130.70 20.92 203.13 245.97 179.10 132.84 94.49 109.16 247.11 83.64 117.47 76.43 91.11 130.08 75.47 175.59 18.98 208.23 181.06 205.47 225.21 130.35 226.27 158.68 33.93 43.73 160.89 255.74 211.78 184.52 185.04 40.71 136.92 246.39 206.12 173.84 86.80 178.70 146.10 94.57 134.13 82.84 167.40 46.47 200.81 153.37 167.91 119.66 323.35 219.80 258.41 170.93 124.80 231.64 87.24 121.97 235.04 240.04 128.74 134.33 169.69 36.17 274.50 233.47 109.33 281.30 97.43 197.42 166.54 133.93 62.97 53.74 246.71 174.87 134.82 157.53 157.53 96.72 178.60 142.45 37.51 157.39 82.66 240.39 231.29 247.67 235.06 137.31 227.94 125.15 282.73 80.93 162.35 145.46 198.26 214.24 101.48 205.16 119.84 123.22 114.25 138.67 164.09 164.57 81.20 158.84 62.31 224.63 225.40 171.55 179.45 177.06 83.45 216.11 50.70 168.55 73.59 120.64 206.56 43.67 190.26 149.11 88.99 142.98 113.61 237.48 213.40 202.05 106.15 271.45 333.62 173.85 147.54 250.45 215.46 148.41 307.41 185.26 136.98 203.42 301.62 205.36 181.96 112.03 84.24 170.92 170.62 310.03 213.65 51.20 242.48 97.04 103.10 132.69 102.85 202.52 35.31 262.62 217.90
101.45 186.93 212.27 353.16 281.30 115.74 86.44 0.00 149.03 74.65 49.09 150.64 184.38 89.53 107.22 298.61 67.43 209.37 293.41 115.20 153.67 352.25 323.54 104.66 220.51 97.90 180.74 134.29 114.29 65.31 82.49 291.19 110.03 187.24 288.31 117.66 173.70 51.00 199.29 180.27 38.31 121.98 91.86 260.02 332.25 104.62 197.26 49.20 195.31 330.67 37.50 55.22 162.70 147.84 60.57 147.33 261.55 104.22 266.98 259.51 281.40 240.74 212.46 311.73 99.98 73.00 94.30 83.86 301.92 276.65 255.01 260.58 88.33 150.00 330.98 292.31 193.46 142.38 107.70 71.83 10.67 220.57 19.84 236.72 125.65 287.25 68.53 122.10 132.24 409.71 266.88 341.51 241.41 179.14 318.05 118.50 193.11 269.99 320.25 204.70 212.75 93.22 53.23 360.11 316.29 195.31 321.38 112.34 279.53 80.17 206.93 33.67 124.35 327.50 224.20 201.57 202.16 71.59 11.54 245.56 115.40 115.37 175.06 128.46 270.73 317.01 331.68 314.13 92.09 298.46 210.82 368.95 16.70 219.29 230.99 243.53 291.90 26.18 262.70 178.26 36.87 194.44 190.72 205.95 249.57 105.87 156.33 115.65 302.75 290.42 173.14 196.57 259.88 87.51 297.45 135.50 82.16 108.64 80.19 276.03 43.32 230.50 207.85 2.56 136.80 197.89 318.18 287.86 247.04 29.13 356.95 420.00 257.74 186.30 334.98 301.63 194.52 393.16 263.08 84.32 226.26 331.49 249.91 247.32 25.70 72.63 230.77 246.46 396.32 268.69 130.39 320.72 183.47 106.83 143.52 70.73 227.98 118.10 348.53 295.25
175.41 97.79 135.46 217.33 154.65 192.08 87.88 149.03 0.00 154.27 153.96 4.35 191.15 159.68 170.37 150.44 105.62 254.80 226.64 211.17 33.54 222.50 248.43 188.99 91.27 99.71 209.32 107.04 208.75 148.48 156.08 331.21 229.50 38.75 178.30 93.50 244.09 106.19 50.58 33.92 169.11 104.57 105.53 115.84 213.62 206.24 48.33 124.88 112.62 195.51 123.52 148.30 79.43 162.07 205.54 22.66 144.54 74.32 121.52 204.77 135.08 153.12 151.95 216.94 172.02 121.65 129.10 194.60 168.05 256.84 106.26 215.02 127.42 222.03 241.15 190.88 255.28 159.54 201.43 179.43 159.51 122.11 134.81 210.90 107.92 177.60 201.35 165.42 76.26 289.25 283.01 204.59 92.79 37.26 203.43 171.43 46.57 150.71 252.64 167.01 165.89 201.11 116.49 260.48 237.68 115.06 194.50 67.68 142.80 222.87 176.77 140.33 123.35 185.97 87.36 186.98 72.13 216.95 160.56 96.56 129.67 52.72 240.28 28.12 313.86 192.97 245.45 251.34 144.36 149.51 129.36 247.38 151.96 221.78 146.31 264.42 236.08 149.82 118.05 32.03 182.72 63.53 205.41 79.66 126.68 57.14 114.97 142.12 244.34 142.03 120.01 111.59 126.61 79.91 227.30 62.42 221.69 47.09 130.81 127.02 111.30 260.55 61.77 151.10 108.62 130.37 248.82 140.36 115.06 176.27 229.24 299.53 179.98 222.24 203.20 199.80 218.42 265.86 119.35 219.22 282.21 217.84 118.42 98.58 172.58 95.24 84.23 101.14 274.69 126.06 45.94 175.77 94.12 81.21 84.54 187.94 280.20 60.62 246.47 149.92
174.89 148.22 256.94 371.48 248.80 45.77 133.10 74.65 154.27 0.00 26.53 153.76 251.18 14.88 179.52 288.88 49.76 282.94 345.36 189.67 142.31 375.54 373.41 179.10 196.41 150.76 251.46 186.37 55.66 137.05 7.88 365.18 77.01 185.92 245.34 166.76 248.31 101.83 197.49 188.15 49.03 75.23 147.40 244.77 362.64 51.99 196.69 38.62 236.45 349.51 50.73 19.48 199.67 213.78 120.26 163.33 291.39 145.04 253.10 314.14 287.61 191.79 262.79 353.57 26.55 135.84 158.29 42.63 273.33 341.26 255.48 318.00 152.30 224.50 375.36 330.70 267.92 208.50 48.10 29.76 79.17 257.33 60.33 298.52 179.20 321.59 63.22 48.24 100.48 439.80 338.01 358.80 242.96 171.43 350.48 189.94 200.58 233.78 372.66 261.58 267.44 47.53 113.04 400.78 364.70 237.37 286.30 91.68 296.79 91.10 266.07 104.82 183.17 340.04 205.09 264.44 181.62 92.00 77.02 242.51 54.68 145.36 249.52 126.75 344.78 343.89 377.53 367.98 23.32 296.14 253.67 397.99 91.33 286.80 273.90 314.88 347.33 48.77 247.91 174.63 73.34 213.89 259.43 182.37 275.82 97.44 104.97 181.02 357.69 281.82 121.81 153.62 279.69 74.36 348.37 170.24 85.43 107.25 25.52 273.71 95.35 302.81 199.95 73.55 87.25 244.76 369.94 291.53 221.50 93.74 381.76 450.16 304.54 258.30 356.61 340.08 265.00 418.51 273.31 150.39 300.70 287.66 223.71 242.28 72.31 59.89 221.32 254.78 425.56 250.88 157.96 328.75 220.87 79.15 106.43 144.55 302.25 152.61 387.86 302.94
150.30 163.85 244.24 369.02 263.38 67.08 117.72 49.09 153.96 26.53 0.00 154.20 229.93 41.16 155.56 295.85 49.70 258.32 330.38 163.55 147.70 371.31 359.32 153.74 207.53 133.79 228.43 170.27 69.16 113.21 34.38 340.25 77.20 188.70 263.44 151.40 222.68 83.70 200.65 187.69 24.31 91.91 129.46 253.31 355.78 61.42 199.40 29.11 224.85 346.76 34.71 9.40 189.11 192.75 94.44 159.42 284.33 131.99 261.23 298.01 288.96 211.54 248.04 342.45 50.93 115.22 137.60 43.68 286.73 321.16 258.57 300.79 131.54 199.06 363.37 320.76 242.52 187.37 61.91 28.49 52.80 247.50 37.75 279.49 162.48 313.09 48.86 74.77 112.15 433.34 314.86 356.65 245.54 176.23 342.82 166.44 200.48 249.52 357.58 244.35 251.07 52.13 92.78 390.26 351.14 225.44 301.99 98.42 294.28 74.45 247.98 80.88 164.63 339.49 214.54 244.86 191.24 72.60 50.58 246.72 76.52 136.02 224.13 128.03 319.80 338.21 364.99 352.32 47.60 300.56 241.60 391.76 65.76 265.33 261.96 291.60 331.00 22.91 256.32 178.02 48.45 209.74 237.36 193.09 269.93 99.70 124.46 160.02 341.58 288.34 141.61 170.88 276.13 76.49 333.80 159.92 70.83 107.43 41.47 277.96 76.42 278.99 205.33 47.74 105.56 231.15 355.11 293.81 233.41 67.24 377.01 443.70 291.34 234.62 352.89 330.16 242.11 413.71 273.11 124.14 275.33 306.26 235.88 247.19 46.14 59.70 227.55 255.08 419.36 260.37 149.84 329.73 210.44 87.93 120.43 118.23 277.07 141.94 377.81 303.88
179.04 93.59 139.35 218.17 150.71 190.91 91.34 150.64 4.35 153.76 154.20 0.00 195.49 158.78 174.13 148.34 105.49 259.02 230.36 214.65 29.47 223.81 251.92 192.55 87.21 103.55 213.58 111.34 207.94 151.65 155.35 335.52 229.35 36.66 174.05 97.67 248.06 108.65 48.67 34.54 169.84 102.25 109.27 112.92 215.64 205.67 46.65 125.17 116.54 196.47 124.29 148.33 83.63 166.32 207.62 26.93 146.96 78.16 118.79 208.76 134.77 148.79 156.03 219.97 170.97 125.01 132.88 194.42 164.44 261.09 105.19 219.10 131.10 225.91 244.26 193.76 259.37 163.76 200.67 179.33 161.17 125.51 136.02 215.17 112.16 180.20 201.87 163.66 73.44 291.00 287.36 205.36 91.83 33.52 205.70 175.34 46.82 146.57 256.28 171.28 170.08 200.78 119.29 263.22 241.11 119.00 190.64 65.99 143.81 223.75 181.06 142.80 127.54 186.30 83.65 191.33 68.00 218.01 162.15 94.96 127.72 56.63 244.30 27.07 318.15 194.75 248.65 255.08 143.25 148.21 133.18 249.15 153.99 226.13 149.95 268.77 239.97 150.70 115.20 28.98 183.94 65.91 209.73 75.46 128.89 56.37 111.65 146.15 248.17 140.01 116.32 107.37 128.04 79.45 230.96 66.77 222.39 46.91 130.00 125.66 113.56 264.86 58.95 152.66 105.82 134.45 252.43 139.74 111.22 178.12 230.68 301.25 183.63 226.48 204.41 202.64 222.73 267.24 119.59 221.79 286.39 213.69 114.56 96.72 173.92 95.13 81.60 101.18 276.40 122.99 50.21 175.63 98.05 79.60 81.32 190.83 284.41 64.71 249.15 149.77
92.97 285.21 105.09 274.87 340.62 296.29 127.19 184.38 191.15 251.18 229.93 195.49 0.00 265.06 83.05 302.80 215.11 72.46 134.87 114.26 222.18 261.17 166.45 100.81 280.04 107.54 29.24 84.59 298.16 120.00 258.13 140.57 292.62 216.47 368.67 101.65 90.12 150.37 222.91 194.37 222.58 257.82 107.72 287.78 226.19 288.87 219.35 213.91 111.53 255.76 200.68 232.88 120.24 37.45 190.03 169.62 176.79 126.80 289.58 99.21 252.32 342.95 84.95 178.22 277.72 115.35 92.92 268.23 348.13 92.78 248.89 91.84 98.89 84.53 187.28 173.01 86.96 42.68 291.27 255.71 186.51 134.14 192.22 59.26 85.87 181.02 249.60 291.70 244.43 292.45 93.38 268.28 238.01 225.68 209.44 70.51 200.06 339.78 157.17 56.04 68.43 277.59 138.16 222.10 163.95 108.56 378.25 223.17 222.87 250.66 47.38 150.70 73.84 269.71 272.42 28.28 261.94 239.24 189.32 251.12 269.01 143.75 82.37 199.55 124.34 223.85 183.98 148.15 260.22 285.14 110.70 259.91 169.80 35.70 119.44 73.41 124.36 208.52 288.64 217.38 213.08 172.31 15.16 269.97 179.80 206.39 284.84 70.16 135.25 294.19 296.39 298.93 203.51 210.64 141.12 128.75 256.33 196.98 243.94 269.31 156.14 70.17 239.97 186.54 269.78 92.84 156.93 263.06 300.72 185.82 260.99 301.39 122.77 42.57 251.80 179.85 30.40 290.04 230.24 173.34 101.85 406.56 304.09 256.74 203.77 210.40 256.29 224.81 282.84 299.48 145.61 276.04 120.71 229.98 257.10 141.78 97.68 133.77 215.60 258.25
189.66 144.09 267.57 376.95 244.70 34.15 145.32 89.53 159.68 14.88 41.16 158.78 265.06 0.00 194.18 289.37 58.40 297.69 356.78 204.52 144.78 381.91 384.43 193.96 194.86 163.43 265.85 198.57 49.28 151.72 7.12 379.98 77.50 189.37 238.80 178.77 263.19 115.18 200.64 193.32 62.57 71.96 160.42 244.53 370.35 48.74 200.10 51.44 246.66 355.18 64.39 34.35 209.58 227.62 133.90 170.44 299.36 156.31 253.05 326.08 291.29 184.25 274.26 363.29 13.49 149.73 172.14 45.78 269.90 354.68 258.32 330.36 166.18 239.37 385.45 339.93 282.78 222.39 42.21 36.83 93.93 266.69 74.99 311.59 191.65 330.17 71.91 33.99 99.94 447.20 352.40 364.14 246.15 173.90 358.59 204.48 205.46 228.96 384.09 274.03 279.54 47.89 126.91 410.16 375.49 247.71 281.32 94.49 302.48 99.90 278.83 119.54 196.27 344.58 204.52 277.75 181.13 102.17 91.74 244.80 47.73 155.10 264.38 131.73 359.59 351.05 387.86 379.66 17.32 298.08 264.03 405.32 106.21 300.72 284.15 329.32 359.31 63.62 247.73 177.85 86.60 220.75 273.55 181.18 283.26 102.55 98.52 194.91 369.57 282.60 114.84 148.26 285.96 80.38 359.62 180.20 93.35 113.17 28.98 275.83 108.98 317.38 201.84 88.42 82.21 255.79 381.27 294.69 219.27 108.14 388.39 457.53 315.27 272.86 362.76 349.28 279.35 425.10 277.87 164.39 315.56 280.63 221.31 244.18 86.39 67.83 222.57 259.15 432.84 250.02 167.06 332.50 230.62 81.23 104.15 159.34 317.09 162.86 397.05 306.79
10.98 249.09 151.15 318.86 324.61 222.62 84.05 107.22 170.37 179.52 155.56 174.13 83.05 194.18 0.00 310.05 153.02 103.96 210.58 46.54 193.68 310.51 242.33 24.33 260.77 70.82 74.00 81.89 221.24 42.47 187.06 186.63 211.84 205.47 344.25 82.50 77.06 88.02 215.30 187.81 144.27 203.94 64.87 283.41 281.10 211.17 212.07 145.54 144.37 297.42 131.53 160.25 129.30 52.82 107.09 154.52 218.51 96.12 287.68 174.49 272.21 307.82 140.50 244.00 205.77 54.13 41.28 190.08 338.32 175.31 257.68 170.78 43.35 53.18 257.96 231.78 93.04 48.06 214.80 178.91 107.25 172.29 119.19 141.01 74.62 233.82 168.68 224.33 199.36 354.27 159.70 309.69 244.67 207.62 264.84 12.55 197.80 319.03 235.27 121.00 132.31 199.40 72.95 291.21 237.76 142.65 364.72 176.48 254.05 167.95 118.46 74.77 60.07 304.02 257.73 106.36 241.25 156.45 110.04 254.57 208.28 117.79 75.39 166.64 166.49 272.61 256.31 227.20 192.80 299.55 153.38 317.33 91.22 115.49 169.98 136.33 203.59 132.96 285.15 201.82 131.92 180.92 86.06 247.98 214.11 161.69 235.61 36.02 214.67 301.19 250.01 261.80 233.11 157.35 216.04 118.13 173.91 155.92 177.80 279.75 90.84 123.43 230.06 109.04 217.83 135.38 234.30 281.59 285.32 103.96 312.55 363.96 186.44 79.10 297.13 240.16 87.85 345.67 250.40 93.05 124.73 385.67 288.66 258.80 123.41 151.43 250.82 239.13 342.82 294.39 127.88 304.55 142.56 179.00 212.49 59.18 125.16 111.22 282.33 282.24
317.17 156.91 206.40 140.89 93.35 316.05 234.13 298.61 150.44 288.88 295.85 148.34 302.80 289.37 310.05 0.00 246.20 374.51 267.61 354.52 148.18 161.51 272.89 331.60 99.10 240.91 328.27 232.21 337.32 295.75 288.09 438.81 365.80 111.72 136.36 227.58 376.20 256.47 99.87 123.79 314.48 218.97 248.09 46.44 181.71 338.12 102.32 267.91 192.76 129.91 269.71 288.51 185.95 285.66 355.95 158.68 153.55 217.20 37.39 265.80 62.47 164.66 229.73 225.25 299.02 267.82 269.99 331.46 76.23 334.26 53.98 281.36 269.93 357.21 248.33 199.91 382.60 285.20 330.91 317.48 309.21 176.90 283.04 295.26 237.41 179.55 344.66 281.51 189.46 231.45 381.68 129.40 65.88 120.24 183.80 307.85 112.65 109.91 284.88 257.26 249.20 336.09 265.98 247.23 261.00 195.91 106.90 197.90 105.50 368.64 268.98 290.57 253.48 101.77 86.16 286.72 108.88 363.98 310.07 55.66 246.38 196.64 370.77 170.59 425.14 158.24 256.32 289.43 272.15 29.66 199.21 197.68 302.33 323.25 201.97 369.08 285.96 296.26 43.10 120.36 330.74 131.97 317.93 110.52 138.35 196.77 204.63 276.58 289.14 8.86 195.71 161.51 114.23 219.51 264.20 191.92 366.24 191.09 263.39 34.12 261.73 371.22 91.10 300.55 212.95 213.52 280.09 52.57 82.89 326.39 171.11 239.63 226.26 342.37 144.19 204.21 333.13 198.34 79.38 369.14 403.79 148.96 83.01 52.24 321.16 236.48 68.42 78.75 217.70 45.81 183.87 79.86 182.10 209.81 186.88 336.65 400.14 200.71 233.39 69.43
151.13 120.46 209.45 322.31 217.50 92.53 90.27 67.43 105.62 49.76 49.70 105.49 215.11 58.40 153.02 246.20 0.00 256.48 299.29 174.53 98.03 325.95 326.51 158.95 159.44 109.42 219.92 142.84 105.37 112.53 53.20 339.16 123.89 139.29 221.72 122.77 227.75 66.08 151.17 139.53 69.30 55.10 107.75 203.98 312.90 101.51 150.02 22.35 188.36 300.24 30.01 42.99 151.21 177.91 127.03 113.63 241.68 99.13 211.80 269.35 240.14 173.34 216.93 304.89 71.81 102.14 123.48 88.98 239.75 301.91 209.18 274.44 117.94 203.33 327.08 281.59 245.53 172.99 97.83 73.84 77.01 208.31 47.62 257.67 136.63 272.09 98.46 77.64 66.25 390.04 305.70 309.73 196.26 126.53 300.81 161.44 152.16 204.92 326.59 218.48 223.21 95.63 80.47 351.79 317.42 189.46 256.96 49.47 247.56 123.00 224.10 84.06 143.29 291.59 165.62 224.87 142.49 119.52 76.42 197.11 55.31 96.73 227.43 78.87 319.21 294.13 329.56 322.46 47.54 250.96 205.78 348.22 80.29 250.73 225.84 283.23 302.60 53.41 206.95 128.47 89.14 164.22 225.14 144.89 226.06 50.11 89.37 146.00 312.67 238.66 105.95 129.50 230.17 26.80 301.94 121.86 120.13 58.59 30.92 228.36 62.23 273.02 155.63 68.11 69.94 198.01 323.66 244.67 185.66 95.72 332.10 400.39 257.19 228.70 307.10 290.95 232.83 368.84 224.96 151.71 277.64 264.89 188.28 197.52 81.83 10.38 177.87 206.66 375.79 211.33 108.71 281.09 172.23 40.80 76.68 133.97 278.18 104.66 338.72 255.23
108.07 343.91 176.91 344.36 407.68 325.09 178.39 209.37 254.80 282.94 258.32 259.02 72.46 297.69 103.96 374.51 256.48 0.00 187.72 104.10 283.47 329.08 216.84 105.75 345.58 160.32 46.53 148.58 321.74 146.15 290.57 82.71 307.54 283.75 433.06 161.52 46.60 190.73 291.21 262.48 244.74 305.82 157.47 357.48 292.39 311.11 287.68 249.50 183.97 326.05 235.48 263.55 190.01 92.84 192.93 234.66 248.00 183.95 359.80 156.08 324.77 402.61 155.68 239.25 308.97 155.13 135.96 289.89 416.95 115.17 320.54 143.55 140.62 63.10 243.42 238.71 27.92 95.26 315.72 280.03 207.77 206.34 222.74 109.53 146.89 249.15 265.03 328.24 297.91 353.32 67.61 338.50 309.31 290.93 275.78 95.06 269.30 405.30 204.11 125.92 137.55 299.03 176.03 278.56 217.53 181.02 446.24 275.41 295.03 258.30 115.40 178.17 131.58 341.27 339.33 94.89 326.79 246.71 210.45 322.03 311.80 203.84 40.41 258.47 62.75 292.54 238.39 193.62 296.74 357.42 182.80 324.17 192.84 67.10 190.03 46.90 171.54 235.48 358.53 283.31 228.86 243.22 57.78 334.45 251.94 259.50 336.19 116.16 180.95 365.84 349.61 357.26 275.86 258.54 194.66 193.66 265.67 251.88 281.75 341.23 194.28 29.05 307.88 210.94 319.21 165.20 205.32 335.48 367.68 200.47 328.04 361.56 187.99 32.78 321.16 244.49 42.28 354.75 302.66 167.00 29.40 472.42 371.07 327.46 222.03 254.23 325.49 296.89 345.14 369.11 208.91 348.22 192.53 279.66 310.99 147.33 25.79 194.71 274.48 330.69
221.46 321.46 92.11 180.41 337.75 390.71 212.79 293.41 226.64 345.36 330.38 230.36 134.87 356.78 210.58 267.61 299.29 187.72 0.00 248.13 259.52 159.05 31.81 232.07 291.50 196.89 160.57 160.20 398.96 237.37 350.72 211.41 402.91 230.00 376.02 179.03 221.05 246.99 229.43 208.50 330.55 324.33 202.02 274.28 119.26 391.79 226.38 306.90 114.90 168.70 296.43 330.24 151.67 157.76 315.21 205.40 114.12 200.48 271.76 36.17 205.59 370.17 82.56 58.25 370.26 220.74 201.09 373.14 334.32 86.81 222.04 44.48 206.65 219.10 55.97 72.46 211.73 162.62 391.48 358.62 298.82 106.94 294.37 79.14 168.33 91.60 361.93 375.35 300.41 167.39 151.73 179.48 217.53 247.10 105.03 198.88 205.64 344.57 27.31 90.51 80.94 382.11 240.50 90.93 29.86 112.92 367.03 285.29 163.51 369.35 92.15 261.86 169.42 193.52 278.18 107.03 278.99 358.67 301.46 232.59 344.31 204.26 212.96 248.79 206.70 129.73 50.67 24.78 346.75 240.99 97.56 143.75 282.41 121.13 80.64 153.14 21.37 312.79 273.54 237.41 327.74 172.43 141.80 287.44 130.82 269.34 340.86 183.43 21.54 260.88 346.64 334.73 153.60 283.93 7.04 179.34 373.42 257.49 330.20 235.02 254.57 166.12 245.46 295.91 331.84 101.50 24.78 216.26 302.57 303.66 154.91 174.99 47.21 170.09 158.58 72.79 153.14 174.14 188.80 303.62 211.95 404.56 305.47 239.16 317.08 291.16 250.94 195.19 160.86 285.08 195.56 209.08 133.22 296.68 310.31 269.07 205.59 195.28 88.17 202.92
37.68 282.08 196.12 365.06 363.69 228.24 123.31 115.20 211.17 189.67 163.55 214.65 114.26 204.52 46.54 354.52 174.53 104.10 248.13 0.00 231.30 356.19 279.90 23.02 299.77 113.69 94.42 128.39 221.93 65.71 197.54 181.26 204.61 247.75 380.28 127.76 61.29 116.16 258.12 231.37 146.31 228.77 106.75 325.97 325.89 210.84 255.03 161.71 190.52 343.72 148.06 170.32 175.66 93.48 88.91 197.24 264.57 138.15 330.71 212.04 318.31 340.03 183.67 286.02 214.31 89.83 84.56 189.78 379.01 200.36 302.74 205.94 84.72 41.06 298.27 275.54 82.38 89.81 216.49 181.62 110.86 218.33 132.25 173.39 120.96 278.71 162.81 237.29 229.60 397.88 169.67 356.03 289.56 248.09 309.46 53.86 241.93 356.67 271.26 161.29 173.30 198.62 101.45 332.30 276.50 188.69 404.12 206.87 300.59 154.37 156.73 90.47 106.61 350.56 298.12 141.26 280.19 142.83 113.24 298.89 227.90 159.57 64.81 203.70 160.79 318.24 295.87 262.37 207.04 345.03 198.79 361.80 98.71 139.97 214.61 146.81 238.58 140.90 327.88 243.09 127.66 226.68 111.55 286.37 260.56 193.89 262.22 82.55 249.50 345.68 277.83 294.03 279.65 184.95 254.07 162.93 161.92 190.17 194.09 324.87 116.09 130.50 272.12 116.15 243.36 180.49 270.84 327.55 325.09 99.92 357.96 407.40 228.56 92.31 343.18 283.64 106.87 390.56 296.60 63.66 114.64 422.50 328.37 302.85 122.34 175.52 293.54 284.94 386.83 336.67 171.06 351.02 189.09 206.82 242.47 45.89 117.55 154.19 324.25 328.56
197.36 64.41 168.75 235.83 132.65 174.78 109.63 153.67 33.54 142.31 147.70 29.47 222.18 144.78 193.68 148.18 98.03 283.47 259.52 231.30 0.00 243.85 280.55 210.08 69.07 124.74 238.77 137.61 193.90 166.39 142.48 361.43 219.26 45.50 150.77 122.16 269.37 118.95 56.12 56.51 166.47 80.57 129.38 106.84 239.06 193.14 55.96 119.76 145.97 214.88 122.22 140.52 112.94 191.39 213.22 56.10 172.35 99.92 114.28 238.23 146.98 120.86 185.49 247.27 155.87 141.74 152.99 184.52 150.15 290.15 113.55 248.56 150.34 246.44 271.81 220.65 281.99 188.40 186.97 170.10 164.33 154.05 136.63 244.15 137.38 206.12 196.49 144.28 49.75 312.87 314.74 222.73 101.51 29.15 230.18 196.32 66.02 125.52 285.27 200.29 199.38 189.83 131.78 289.40 269.60 148.45 173.20 50.63 162.99 220.58 209.88 152.24 152.02 201.39 70.67 219.47 49.71 216.25 164.82 100.22 107.73 79.64 266.19 27.67 343.62 217.19 276.49 284.26 128.13 153.84 162.51 271.28 160.03 253.72 178.99 295.59 269.37 148.64 109.68 33.73 183.68 91.99 236.09 55.20 153.55 48.85 84.31 168.65 277.50 140.64 87.52 78.25 149.42 71.33 259.98 94.21 218.07 45.19 117.18 131.40 122.25 290.87 57.80 155.35 81.23 163.91 281.36 149.97 95.21 182.42 251.30 323.01 212.65 251.25 224.07 229.32 248.56 287.43 135.23 230.96 310.15 191.99 98.33 100.03 174.61 88.30 79.85 116.26 298.14 115.11 76.71 188.16 127.49 63.57 54.88 202.86 308.54 89.03 275.15 162.64
320.83 286.15 160.59 25.20 252.99 414.56 267.13 352.25 222.50 375.54 371.31 223.81 261.17 381.91 310.51 161.51 325.95 329.08 159.05 356.19 243.85 0.00 147.10 334.83 234.82 261.40 290.40 232.18 430.70 318.31 377.97 367.77 448.42 199.03 296.15 241.37 350.64 301.41 190.36 189.53 381.71 324.21 269.08 192.76 39.80 427.44 189.44 342.63 166.56 32.39 337.74 367.14 191.36 264.98 395.51 212.37 92.86 248.53 185.73 178.38 109.65 314.21 176.88 101.17 394.42 292.38 281.82 414.00 237.74 244.67 144.53 194.06 285.15 340.32 114.35 91.47 347.80 267.65 423.28 398.58 361.15 138.55 344.10 223.12 240.98 80.17 415.23 387.11 293.59 72.13 307.22 32.83 150.77 217.82 54.79 302.35 178.30 267.31 162.92 205.12 192.79 421.27 303.10 97.37 137.67 168.04 267.84 289.73 80.90 432.11 214.50 329.68 252.18 59.92 218.78 234.96 232.84 423.83 363.11 160.78 350.81 237.53 343.15 250.61 360.60 37.98 123.19 171.64 366.84 132.24 157.44 36.44 348.05 263.60 143.13 304.08 180.41 361.83 190.31 210.66 389.04 161.79 273.61 239.13 102.68 279.48 324.68 275.07 177.75 159.15 322.39 295.85 95.95 301.62 152.79 216.88 433.03 268.74 352.95 141.59 308.96 313.66 197.87 354.74 324.78 175.94 158.50 114.49 231.38 373.26 9.62 81.51 141.48 303.28 19.99 87.67 288.31 43.58 111.48 395.81 356.83 310.25 232.96 165.61 377.92 315.69 187.82 129.84 57.57 199.23 222.80 81.95 172.39 303.36 297.71 359.04 351.20 234.15 86.81 95.99
253.22 340.83 117.30 170.53 348.87 418.48 241.60 323.54 248.43 373.41 359.32 251.92 166.45 384.43 242.33 272.89 326.51 216.84 31.81 279.90 280.55 147.10 0.00 263.87 306.79 226.40 191.69 189.67 427.54 268.53 378.53 233.68 432.67 247.74 388.65 207.97 251.72 276.32 245.82 227.32 360.35 348.71 231.85 284.66 108.07 420.68 243.01 335.15 139.35 162.47 325.10 358.81 176.75 189.51 346.66 228.09 122.47 228.37 281.21 67.98 210.43 386.98 111.40 49.04 397.92 251.17 231.95 402.37 343.03 109.74 231.29 75.19 237.42 250.47 33.59 72.99 241.60 194.33 420.02 387.68 329.23 126.50 323.78 109.72 198.05 93.34 392.07 401.72 323.55 143.33 175.62 171.91 228.55 265.70 96.89 230.66 222.96 357.23 16.28 121.95 111.91 411.25 270.45 64.93 12.00 137.80 375.68 309.66 167.40 400.13 123.93 292.39 200.03 189.80 292.67 138.73 295.75 389.55 331.84 243.37 369.76 230.50 243.61 272.05 230.96 123.74 25.39 26.55 373.77 244.87 121.72 125.67 312.94 151.01 102.74 179.75 45.39 342.30 283.58 256.10 358.25 190.68 172.91 304.05 141.18 294.16 363.33 214.75 37.10 266.88 368.05 353.77 161.25 309.92 26.43 205.34 404.02 282.21 357.35 241.79 283.99 193.85 261.01 326.06 355.42 128.66 12.71 220.51 315.56 334.56 141.36 149.97 69.68 200.76 150.55 69.24 183.74 154.86 196.12 335.37 239.92 414.68 318.28 249.88 347.50 318.04 263.98 205.20 138.77 294.92 220.75 207.63 157.06 321.52 332.82 300.72 233.41 221.96 66.11 205.40
14.70 262.51 175.34 343.17 342.14 220.01 101.28 104.66 188.99 179.10 153.74 192.55 100.81 193.96 24.33 331.60 158.95 105.75 232.07 23.02 210.08 334.83 263.87 0.00 278.20 90.88 85.77 105.73 216.01 46.97 186.88 186.74 202.55 225.23 359.75 104.75 69.48 97.42 235.49 208.57 139.10 212.16 84.08 303.42 305.28 205.36 232.37 148.24 168.69 321.69 134.29 159.62 152.82 74.98 91.38 174.59 242.84 115.55 308.06 195.90 295.34 320.83 164.13 267.32 204.64 68.34 61.62 184.14 356.99 190.84 279.75 191.11 62.01 45.42 280.64 255.67 88.82 70.70 210.06 174.45 102.27 196.62 119.75 159.91 98.13 258.01 159.72 225.74 210.91 378.15 167.51 333.95 266.58 226.04 288.98 33.79 219.04 335.58 256.13 143.44 155.08 193.28 82.33 314.21 259.79 166.98 382.49 188.04 278.02 155.26 140.00 75.85 84.09 328.04 276.14 126.24 258.62 143.62 104.90 275.99 213.42 137.07 70.43 182.59 166.24 296.93 278.69 247.68 194.76 322.02 177.66 341.44 87.97 130.24 194.09 144.14 223.94 130.83 305.30 220.82 123.31 203.67 100.87 264.98 238.31 174.36 245.02 60.21 234.97 322.76 260.20 274.75 257.07 167.05 237.74 139.94 162.02 169.92 180.83 301.87 98.39 129.27 249.68 106.03 226.53 159.59 255.39 304.55 303.31 94.87 336.84 387.80 209.75 87.11 321.46 263.97 99.26 369.88 273.66 72.54 121.62 401.72 306.61 279.99 116.28 158.91 270.95 261.93 366.81 314.20 148.29 328.24 166.63 188.95 223.91 43.23 123.36 131.44 305.63 305.66
265.12 57.85 207.86 220.25 63.94 219.23 177.09 220.51 91.27 196.41 207.53 87.21 280.04 194.86 260.77 99.10 159.44 345.58 291.50 299.77 69.07 234.82 306.79 278.20 0.00 190.54 299.74 197.17 241.36 235.22 194.51 420.59 272.26 64.99 89.04 184.66 335.23 188.00 62.50 87.98 228.69 123.08 195.95 52.66 241.47 243.23 65.79 181.79 187.02 202.82 186.74 199.25 162.06 252.74 280.73 110.96 186.73 165.20 61.73 277.21 125.85 81.62 228.48 265.94 203.37 209.99 219.63 238.88 81.51 337.12 90.29 290.00 217.50 312.93 290.96 238.35 346.54 250.44 235.34 225.91 231.11 185.31 202.47 292.39 198.77 220.21 256.03 183.76 96.03 306.88 370.07 207.20 85.24 54.65 237.06 262.41 87.01 59.79 314.71 249.04 245.34 242.50 200.81 301.00 295.03 190.03 104.35 110.05 158.02 281.90 259.83 221.13 214.42 181.29 16.04 272.72 19.58 278.93 231.34 74.03 149.69 143.79 331.52 96.67 403.78 217.45 297.26 315.95 177.55 116.23 200.70 267.68 228.06 308.71 212.65 352.70 305.16 212.40 56.00 62.66 248.07 120.50 294.68 14.61 167.10 114.67 105.70 233.36 311.58 94.15 96.71 63.68 152.69 134.34 290.38 152.05 278.27 113.50 171.04 97.71 191.15 350.01 46.03 222.01 115.33 207.66 310.30 123.54 26.52 249.55 243.67 316.32 244.64 312.91 215.06 245.65 308.25 276.87 124.84 299.60 373.25 126.85 29.46 69.37 239.81 150.94 47.20 108.58 292.20 55.80 136.80 162.72 170.04 119.60 90.75 271.92 371.09 151.88 286.38 140.87
76.69 183.66 114.50 265.62 254.24 196.52 19.67 97.90 99.71 150.76 133.79 103.55 107.54 163.43 70.82 240.91 109.42 160.32 196.89 113.69 124.74 261.40 226.40 90.88 190.54 0.00 117.71 36.74 202.77 58.46 156.87 240.70 206.28 134.72 275.47 20.38 144.83 50.15 144.73 117.69 134.01 150.31 7.87 212.78 237.85 195.17 141.57 112.19 98.66 243.35 100.54 134.35 70.30 71.67 134.13 83.85 168.85 25.39 217.25 164.22 207.55 242.43 115.03 213.97 176.68 31.09 29.60 176.28 267.53 192.50 189.60 167.33 29.02 122.39 233.08 195.30 157.30 67.50 195.38 161.86 104.73 125.22 97.48 148.45 28.69 191.70 166.17 186.97 138.46 314.67 200.27 255.03 176.27 136.97 222.90 71.88 128.28 249.34 224.01 110.88 117.28 185.28 44.75 262.40 218.78 98.32 294.19 116.50 195.42 176.90 115.41 69.66 34.10 245.31 187.03 115.46 171.12 167.19 107.15 185.26 162.05 47.02 141.47 98.66 221.92 224.71 233.84 218.57 156.12 232.39 113.39 274.73 89.49 142.68 133.38 178.86 197.22 115.93 214.59 131.02 133.88 115.42 119.16 178.11 159.74 100.03 178.07 44.28 207.78 232.08 190.46 196.96 174.65 103.11 200.56 50.38 179.73 91.73 139.49 211.75 57.68 171.21 159.28 100.46 162.46 99.99 221.66 216.18 214.76 113.66 265.11 324.85 159.89 128.99 245.59 204.54 129.19 300.51 186.51 136.45 186.05 316.26 218.11 189.16 122.80 103.71 180.23 173.29 301.74 223.68 57.41 242.84 89.20 122.60 151.41 100.51 184.84 40.59 251.04 219.03
81.83 300.25 133.86 304.08 361.54 295.47 136.66 180.74 209.32 251.46 228.43 213.58 29.24 265.85 74.00 328.27 219.92 46.53 160.57 94.42 238.77 290.40 191.69 85.77 299.74 117.71 0.00 102.58 294.98 115.45 258.78 123.14 285.67 237.49 387.61 116.61 61.46 153.91 244.79 216.07 218.15 266.48 115.96 310.96 255.30 285.04 241.26 215.74 138.87 284.88 201.98 232.48 143.49 47.38 177.13 188.78 205.73 140.11 313.28 125.72 279.45 358.70 114.13 206.37 277.94 117.85 96.64 263.99 370.51 105.98 274.28 116.50 102.02 59.35 214.28 202.00 57.84 50.60 288.44 252.56 181.20 162.50 191.32 82.22 101.51 210.25 242.52 294.55 256.16 320.79 86.55 297.40 262.94 245.10 238.54 62.26 222.79 359.52 181.24 85.28 97.63 273.33 140.13 249.32 190.12 136.01 399.93 234.08 251.17 240.40 76.32 147.63 86.83 298.43 293.18 56.43 281.11 228.79 184.00 275.57 274.92 159.20 53.55 214.49 104.87 253.09 210.50 171.63 262.88 311.66 139.23 288.79 165.02 45.57 148.59 63.53 148.08 206.12 312.01 237.32 205.75 196.80 18.78 288.88 208.16 217.72 295.48 74.82 158.64 319.57 308.14 313.77 231.54 218.98 167.09 147.70 246.80 209.35 247.14 295.12 158.58 53.63 261.53 182.67 279.28 121.05 181.46 290.06 321.53 177.61 290.18 329.60 151.59 14.14 281.01 208.70 13.85 319.01 257.27 156.73 75.57 426.58 324.92 280.97 197.39 216.49 278.99 250.93 311.43 322.59 163.38 304.28 146.50 239.44 269.12 128.80 72.31 149.76 243.37 285.93
91.12 200.69 79.17 238.74 259.11 232.05 53.28 134.29 107.04 186.37 170.27 111.34 84.59 198.57 81.89 232.21 142.84 148.58 160.20 128.39 137.61 232.18 189.67 105.73 197.17 36.74 102.58 0.00 239.09 86.95 192.19 224.18 243.01 135.29 285.18 20.12 144.12 86.79 143.19 114.51 170.71 178.26 42.45 210.43 205.93 231.68 139.70 147.75 66.09 216.92 136.63 170.49 47.73 55.83 165.96 86.21 139.37 45.34 213.49 127.89 190.92 258.36 78.31 178.37 211.95 63.74 49.72 212.94 268.89 161.10 178.81 131.81 53.50 125.14 196.87 160.94 152.02 54.16 231.65 198.45 140.67 93.87 134.19 115.75 9.12 159.05 202.71 220.39 161.78 281.82 177.53 229.03 166.34 142.53 190.41 77.04 122.40 256.95 187.36 75.65 81.08 221.92 81.06 226.81 182.10 65.11 297.79 141.56 172.30 212.58 81.56 104.64 21.97 222.34 190.76 85.30 178.59 202.56 143.17 177.59 193.12 59.53 138.98 115.21 206.85 194.72 197.40 182.07 190.19 219.49 78.96 242.75 124.94 117.09 98.37 158.00 161.02 152.66 211.73 134.76 169.85 100.85 98.52 186.42 133.13 124.59 202.81 46.09 171.47 223.36 213.38 214.44 151.35 132.60 163.83 45.12 215.76 114.32 173.50 200.60 94.39 153.53 159.59 136.84 189.05 64.10 184.97 200.56 219.10 148.27 235.09 291.88 123.50 115.84 217.62 170.03 111.39 269.63 168.94 163.71 176.71 324.01 222.49 182.45 158.87 136.02 178.04 158.56 269.33 221.90 61.21 222.68 61.14 149.91 174.11 126.91 174.23 49.39 215.85 200.53
214.79 188.01 311.63 426.07 287.63 24.03 186.18 114.29 208.75 55.66 69.16 207.94 298.16 49.28 221.24 337.32 105.37 321.74 398.96 221.93 193.90 430.70 427.54 216.01 241.36 202.77 294.98 239.09 0.00 179.60 52.73 402.33 39.04 238.62 277.24 219.94 282.89 152.77 249.84 242.47 77.12 118.52 198.58 292.01 418.26 11.64 249.34 92.64 291.50 404.24 102.54 68.73 254.95 261.21 139.05 218.74 347.04 199.37 300.67 366.94 340.54 221.20 316.48 408.83 38.33 184.10 206.38 32.16 313.71 389.88 307.43 369.91 200.32 260.36 430.38 386.20 303.56 255.79 7.59 42.50 114.23 312.81 106.65 348.55 231.45 377.24 62.43 60.96 148.00 495.37 380.93 413.29 295.34 222.97 406.13 232.72 254.67 270.82 426.22 313.46 320.03 23.67 161.84 456.19 419.09 292.31 322.52 143.73 351.53 84.42 317.14 147.76 233.78 393.85 251.86 313.83 228.64 91.98 111.49 293.75 91.72 200.78 285.38 180.88 381.80 399.37 432.36 421.14 65.79 346.85 308.58 453.53 130.02 333.33 328.88 357.53 399.99 89.66 295.25 227.07 94.41 269.23 304.94 228.10 331.37 151.63 140.04 228.60 410.52 330.76 154.79 190.23 334.77 129.09 402.22 225.52 75.66 162.01 77.95 324.70 145.57 344.07 250.69 112.32 126.48 299.03 423.65 343.86 264.91 122.07 437.05 505.72 359.06 300.16 411.64 395.58 308.78 473.78 327.13 170.67 336.21 317.58 266.73 292.97 99.90 115.39 271.09 308.42 481.09 296.95 213.56 381.75 276.20 130.41 150.83 176.14 338.63 207.77 443.36 356.06
