0.00 149.61 238.77 62.92 168.30 149.27 81.75 175.29 161.35 232.06 282.99 156.46 258.37 378.85 194.64 169.36 197.03 341.28 156.62 69.59
149.61 0.00 250.23 99.46 40.09 203.68 151.86 41.87 223.86 185.35 161.30 7.84 162.92 300.18 220.71 41.74 132.14 277.50 61.88 124.28
238.77 250.23 0.00 262.71 290.32 94.81 313.42 227.94 93.98 96.16 227.96 256.43 172.98 203.40 44.86 291.97 134.61 155.72 306.59 175.50
62.92 99.46 262.71 0.00 109.33 184.90 59.86 134.15 201.22 231.85 251.80 104.90 238.74 369.98 221.99 110.18 186.54 338.13 94.26 89.37
168.30 40.09 290.32 109.33 0.00 241.35 149.99 73.38 261.30 223.78 183.44 34.36 194.32 331.32 260.39 1.66 170.42 311.87 31.50 156.65
149.27 203.68 94.81 184.90 241.35 0.00 228.34 196.87 20.45 134.32 246.39 211.18 198.60 276.67 50.37 242.97 136.61 231.30 249.21 95.91
81.75 151.86 313.42 59.86 149.99 228.34 0.00 190.17 241.88 290.27 309.51 155.78 298.45 429.76 270.66 150.30 246.12 397.37 125.17 137.99
175.29 41.87 227.94 134.15 73.38 196.87 190.17 0.00 217.31 152.80 120.17 42.33 121.95 259.29 204.38 74.78 99.78 238.54 101.09 134.04
161.35 223.86 93.98 201.22 261.30 20.45 241.88 217.31 0.00 147.59 264.16 231.39 215.09 285.65 53.22 262.91 154.64 239.33 268.47 113.21
232.06 185.35 96.16 231.85 223.78 134.32 290.27 152.80 147.59 0.00 131.80 189.70 76.90 148.94 101.53 225.34 53.37 109.22 246.76 162.58
282.99 161.30 227.96 251.80 183.44 246.39 309.51 120.17 264.16 131.80 0.00 159.95 55.15 160.04 227.64 184.36 109.81 157.63 214.55 225.49
156.46 7.84 256.43 104.90 34.36 211.18 155.78 42.33 231.39 189.70 159.95 0.00 164.24 301.59 227.53 35.97 136.37 280.01 59.05 132.11
258.37 162.92 172.98 238.74 194.32 198.60 298.45 121.95 215.09 76.90 55.15 164.24 0.00 137.35 175.03 195.59 65.97 119.96 223.00 194.23
378.85 300.18 203.40 369.98 331.32 276.67 429.76 259.29 285.65 148.94 160.04 301.59 137.35 0.00 233.19 332.55 184.01 47.71 360.31 309.99
194.64 220.71 44.86 221.99 260.39 50.37 270.66 204.38 53.22 101.53 227.64 227.53 175.03 233.19 0.00 262.05 122.55 186.51 273.51 133.39
169.36 41.74 291.97 110.18 1.66 242.97 150.30 74.78 262.91 225.34 184.36 35.97 195.59 332.55 262.05 0.00 171.97 313.23 30.87 158.14
197.03 132.14 134.61 186.54 170.42 136.61 246.12 99.78 154.64 53.37 109.81 136.37 65.97 184.01 122.55 171.97 0.00 152.03 193.73 130.36
341.28 277.50 155.72 338.13 311.87 231.30 397.37 238.54 239.33 109.22 157.63 280.01 119.96 47.71 186.51 313.23 152.03 0.00 339.04 271.79
156.62 61.88 306.59 94.26 31.50 249.21 125.17 101.09 268.47 246.76 214.55 59.05 223.00 360.31 273.51 30.87 193.73 339.04 0.00 158.46
69.59 124.28 175.50 89.37 156.65 95.91 137.99 134.04 113.21 162.58 225.49 132.11 194.23 309.99 133.39 158.14 130.36 271.79 158.46 0.00
